-1.98837	-2.72046	15.50000
-1.67743	-2.72046	15.50000
-1.36650	-2.72046	15.50000
-1.05556	-2.72046	15.50000
-0.74463	-2.72046	15.50000
-0.43370	-2.72046	15.50000
-0.12276	-2.72046	15.50000
0.18817	-2.72046	15.50000
0.49911	-2.72046	15.50000
0.81004	-2.72046	15.50000
1.12097	-2.72046	15.50000
1.43191	-2.72046	15.50000
1.74284	-2.72046	15.50000
2.05377	-2.72046	15.50000
2.36471	-2.72046	15.50000
2.67564	-2.72046	15.50000
2.98658	-2.72046	15.50000
3.29751	-2.72046	15.50000
3.60844	-2.72046	15.50000
3.91938	-2.72046	15.50000
4.23031	-2.72046	15.50000
4.54124	-2.72046	15.50000
4.85218	-2.72046	15.50000
5.16311	-2.72046	15.50000
5.47405	-2.72046	15.50000
5.78498	-2.72046	15.50000
6.09591	-2.72046	15.50000
6.40685	-2.72046	15.50000
6.71778	-2.72046	15.50000
7.02871	-2.72046	12.90000
7.33965	-2.72046	15.50000
7.65058	-2.72046	15.50000
-1.98837	-2.57438	15.50000
-1.67743	-2.57438	15.50000
-1.36650	-2.57438	15.50000
-1.05556	-2.57438	15.50000
-0.74463	-2.57438	15.50000
-0.43370	-2.57438	15.50000
-0.12276	-2.57438	15.50000
0.18817	-2.57438	15.50000
0.49911	-2.57438	15.50000
0.81004	-2.57438	15.50000
1.12097	-2.57438	15.50000
1.43191	-2.57438	15.50000
1.74284	-2.57438	15.50000
2.05377	-2.57438	15.50000
2.36471	-2.57438	15.50000
2.67564	-2.57438	15.50000
2.98658	-2.57438	15.50000
3.29751	-2.57438	15.50000
3.60844	-2.57438	15.50000
3.91938	-2.57438	15.50000
4.23031	-2.57438	15.50000
4.54124	-2.57438	15.50000
4.85218	-2.57438	15.50000
5.16311	-2.57438	15.50000
5.47405	-2.57438	15.50000
5.78498	-2.57438	15.50000
6.09591	-2.57438	15.50000
6.40685	-2.57438	15.50000
6.71778	-2.57438	15.50000
7.02871	-2.57438	14.20000
7.33965	-2.57438	15.50000
7.65058	-2.57438	14.20000
-1.98837	-2.42830	15.50000
-1.67743	-2.42830	15.50000
-1.36650	-2.42830	15.50000
-1.05556	-2.42830	15.50000
-0.74463	-2.42830	15.50000
-0.43370	-2.42830	15.50000
-0.12276	-2.42830	15.50000
0.18817	-2.42830	15.50000
0.49911	-2.42830	15.50000
0.81004	-2.42830	15.50000
1.12097	-2.42830	15.50000
1.43191	-2.42830	15.50000
1.74284	-2.42830	15.50000
2.05377	-2.42830	15.50000
2.36471	-2.42830	15.50000
2.67564	-2.42830	15.50000
2.98658	-2.42830	15.50000
3.29751	-2.42830	15.50000
3.60844	-2.42830	15.50000
3.91938	-2.42830	15.50000
4.23031	-2.42830	15.50000
4.54124	-2.42830	15.50000
4.85218	-2.42830	15.50000
5.16311	-2.42830	15.50000
5.47405	-2.42830	15.50000
5.78498	-2.42830	15.50000
6.09591	-2.42830	15.50000
6.40685	-2.42830	15.50000
6.71778	-2.42830	15.50000
7.02871	-2.42830	14.20000
7.33965	-2.42830	11.60000
7.65058	-2.42830	15.50000
-1.98837	-2.28222	15.50000
-1.67743	-2.28222	15.50000
-1.36650	-2.28222	15.50000
-1.05556	-2.28222	15.50000
-0.74463	-2.28222	15.50000
-0.43370	-2.28222	15.50000
-0.12276	-2.28222	15.50000
0.18817	-2.28222	15.50000
0.49911	-2.28222	15.50000
0.81004	-2.28222	15.50000
1.12097	-2.28222	15.50000
1.43191	-2.28222	15.50000
1.74284	-2.28222	15.50000
2.05377	-2.28222	15.50000
2.36471	-2.28222	15.50000
2.67564	-2.28222	15.50000
2.98658	-2.28222	15.50000
3.29751	-2.28222	15.50000
3.60844	-2.28222	15.50000
3.91938	-2.28222	15.50000
4.23031	-2.28222	15.50000
4.54124	-2.28222	15.50000
4.85218	-2.28222	15.50000
5.16311	-2.28222	15.50000
5.47405	-2.28222	15.50000
5.78498	-2.28222	15.50000
6.09591	-2.28222	15.50000
6.40685	-2.28222	15.50000
6.71778	-2.28222	12.90000
7.02871	-2.28222	11.60000
7.33965	-2.28222	14.20000
7.65058	-2.28222	14.20000
-1.98837	-2.13614	15.50000
-1.67743	-2.13614	15.50000
-1.36650	-2.13614	14.20000
-1.05556	-2.13614	15.50000
-0.74463	-2.13614	15.50000
-0.43370	-2.13614	15.50000
-0.12276	-2.13614	15.50000
0.18817	-2.13614	15.50000
0.49911	-2.13614	15.50000
0.81004	-2.13614	15.50000
1.12097	-2.13614	15.50000
1.43191	-2.13614	15.50000
1.74284	-2.13614	15.50000
2.05377	-2.13614	15.50000
2.36471	-2.13614	15.50000
2.67564	-2.13614	15.50000
2.98658	-2.13614	15.50000
3.29751	-2.13614	15.50000
3.60844	-2.13614	15.50000
3.91938	-2.13614	15.50000
4.23031	-2.13614	15.50000
4.54124	-2.13614	15.50000
4.85218	-2.13614	15.50000
5.16311	-2.13614	15.50000
5.47405	-2.13614	15.50000
5.78498	-2.13614	15.50000
6.09591	-2.13614	15.50000
6.40685	-2.13614	12.90000
6.71778	-2.13614	12.90000
7.02871	-2.13614	8.41000
7.33965	-2.13614	10.40000
7.65058	-2.13614	14.20000
-1.98837	-1.99006	15.50000
-1.67743	-1.99006	15.50000
-1.36650	-1.99006	14.20000
-1.05556	-1.99006	15.50000
-0.74463	-1.99006	12.90000
-0.43370	-1.99006	11.00000
-0.12276	-1.99006	15.50000
0.18817	-1.99006	15.50000
0.49911	-1.99006	15.50000
0.81004	-1.99006	15.50000
1.12097	-1.99006	15.50000
1.43191	-1.99006	15.50000
1.74284	-1.99006	15.50000
2.05377	-1.99006	15.50000
2.36471	-1.99006	15.50000
2.67564	-1.99006	15.50000
2.98658	-1.99006	15.50000
3.29751	-1.99006	15.50000
3.60844	-1.99006	15.50000
3.91938	-1.99006	15.50000
4.23031	-1.99006	15.50000
4.54124	-1.99006	15.50000
4.85218	-1.99006	15.50000
5.16311	-1.99006	15.50000
5.47405	-1.99006	15.50000
5.78498	-1.99006	15.50000
6.09591	-1.99006	15.50000
6.40685	-1.99006	15.50000
6.71778	-1.99006	8.41000
7.02871	-1.99006	8.41000
7.33965	-1.99006	10.40000
7.65058	-1.99006	15.50000
-1.98837	-1.84398	15.50000
-1.67743	-1.84398	15.50000
-1.36650	-1.84398	12.90000
-1.05556	-1.84398	11.00000
-0.74463	-1.84398	11.00000
-0.43370	-1.84398	10.40000
-0.12276	-1.84398	15.50000
0.18817	-1.84398	15.50000
0.49911	-1.84398	15.50000
0.81004	-1.84398	15.50000
1.12097	-1.84398	15.50000
1.43191	-1.84398	15.50000
1.74284	-1.84398	15.50000
2.05377	-1.84398	15.50000
2.36471	-1.84398	15.50000
2.67564	-1.84398	15.50000
2.98658	-1.84398	15.50000
3.29751	-1.84398	15.50000
3.60844	-1.84398	15.50000
3.91938	-1.84398	15.50000
4.23031	-1.84398	15.50000
4.54124	-1.84398	15.50000
4.85218	-1.84398	15.50000
5.16311	-1.84398	15.50000
5.47405	-1.84398	15.50000
5.78498	-1.84398	15.50000
6.09591	-1.84398	15.50000
6.40685	-1.84398	14.20000
6.71778	-1.84398	9.06000
7.02871	-1.84398	7.12000
7.33965	-1.84398	9.71000
7.65058	-1.84398	15.50000
-1.98837	-1.69790	15.50000
-1.67743	-1.69790	15.50000
-1.36650	-1.69790	11.00000
-1.05556	-1.69790	7.12000
-0.74463	-1.69790	7.76000
-0.43370	-1.69790	9.06000
-0.12276	-1.69790	15.50000
0.18817	-1.69790	15.50000
0.49911	-1.69790	15.50000
0.81004	-1.69790	15.50000
1.12097	-1.69790	15.50000
1.43191	-1.69790	15.50000
1.74284	-1.69790	15.50000
2.05377	-1.69790	15.50000
2.36471	-1.69790	15.50000
2.67564	-1.69790	15.50000
2.98658	-1.69790	15.50000
3.29751	-1.69790	15.50000
3.60844	-1.69790	15.50000
3.91938	-1.69790	15.50000
4.23031	-1.69790	15.50000
4.54124	-1.69790	15.50000
4.85218	-1.69790	15.50000
5.16311	-1.69790	15.50000
5.47405	-1.69790	15.50000
5.78498	-1.69790	15.50000
6.09591	-1.69790	14.20000
6.40685	-1.69790	14.20000
6.71778	-1.69790	8.41000
7.02871	-1.69790	6.47000
7.33965	-1.69790	10.40000
7.65058	-1.69790	14.20000
-1.98837	-1.55182	15.50000
-1.67743	-1.55182	11.00000
-1.36650	-1.55182	7.76000
-1.05556	-1.55182	5.18000
-0.74463	-1.55182	6.47000
-0.43370	-1.55182	9.71000
-0.12276	-1.55182	15.50000
0.18817	-1.55182	14.20000
0.49911	-1.55182	15.50000
0.81004	-1.55182	15.50000
1.12097	-1.55182	15.50000
1.43191	-1.55182	15.50000
1.74284	-1.55182	15.50000
2.05377	-1.55182	15.50000
2.36471	-1.55182	15.50000
2.67564	-1.55182	15.50000
2.98658	-1.55182	15.50000
3.29751	-1.55182	15.50000
3.60844	-1.55182	15.50000
3.91938	-1.55182	15.50000
4.23031	-1.55182	15.50000
4.54124	-1.55182	15.50000
4.85218	-1.55182	15.50000
5.16311	-1.55182	15.50000
5.47405	-1.55182	15.50000
5.78498	-1.55182	15.50000
6.09591	-1.55182	14.20000
6.40685	-1.55182	10.40000
6.71778	-1.55182	7.12000
7.02871	-1.55182	7.12000
7.33965	-1.55182	10.40000
7.65058	-1.55182	15.50000
-1.98837	-1.40574	14.20000
-1.67743	-1.40574	8.41000
-1.36650	-1.40574	5.82000
-1.05556	-1.40574	3.24000
-0.74463	-1.40574	4.53000
-0.43370	-1.40574	10.40000
-0.12276	-1.40574	11.00000
0.18817	-1.40574	15.50000
0.49911	-1.40574	15.50000
0.81004	-1.40574	15.50000
1.12097	-1.40574	15.50000
1.43191	-1.40574	15.50000
1.74284	-1.40574	15.50000
2.05377	-1.40574	15.50000
2.36471	-1.40574	15.50000
2.67564	-1.40574	15.50000
2.98658	-1.40574	15.50000
3.29751	-1.40574	15.50000
3.60844	-1.40574	15.50000
3.91938	-1.40574	15.50000
4.23031	-1.40574	15.50000
4.54124	-1.40574	15.50000
4.85218	-1.40574	15.50000
5.16311	-1.40574	15.50000
5.47405	-1.40574	15.50000
5.78498	-1.40574	15.50000
6.09591	-1.40574	12.90000
6.40685	-1.40574	9.06000
6.71778	-1.40574	7.12000
7.02871	-1.40574	7.76000
7.33965	-1.40574	14.20000
7.65058	-1.40574	15.50000
-1.98837	-1.25966	11.60000
-1.67743	-1.25966	6.47000
-1.36650	-1.25966	3.88000
-1.05556	-1.25966	1.29000
-0.74463	-1.25966	3.24000
-0.43370	-1.25966	8.41000
-0.12276	-1.25966	11.60000
0.18817	-1.25966	15.50000
0.49911	-1.25966	15.50000
0.81004	-1.25966	15.50000
1.12097	-1.25966	15.50000
1.43191	-1.25966	15.50000
1.74284	-1.25966	15.50000
2.05377	-1.25966	15.50000
2.36471	-1.25966	15.50000
2.67564	-1.25966	15.50000
2.98658	-1.25966	15.50000
3.29751	-1.25966	15.50000
3.60844	-1.25966	15.50000
3.91938	-1.25966	15.50000
4.23031	-1.25966	15.50000
4.54124	-1.25966	15.50000
4.85218	-1.25966	15.50000
5.16311	-1.25966	15.50000
5.47405	-1.25966	15.50000
5.78498	-1.25966	14.20000
6.09591	-1.25966	10.40000
6.40685	-1.25966	8.41000
6.71778	-1.25966	5.82000
7.02871	-1.25966	11.60000
7.33965	-1.25966	15.50000
7.65058	-1.25966	15.50000
-1.98837	-1.11358	10.40000
-1.67743	-1.11358	4.53000
-1.36650	-1.11358	3.24000
-1.05556	-1.11358	0.00000
-0.74463	-1.11358	1.94000
-0.43370	-1.11358	7.12000
-0.12276	-1.11358	15.50000
0.18817	-1.11358	15.50000
0.49911	-1.11358	15.50000
0.81004	-1.11358	15.50000
1.12097	-1.11358	15.50000
1.43191	-1.11358	15.50000
1.74284	-1.11358	15.50000
2.05377	-1.11358	15.50000
2.36471	-1.11358	15.50000
2.67564	-1.11358	15.50000
2.98658	-1.11358	15.50000
3.29751	-1.11358	15.50000
3.60844	-1.11358	15.50000
3.91938	-1.11358	15.50000
4.23031	-1.11358	15.50000
4.54124	-1.11358	15.50000
4.85218	-1.11358	15.50000
5.16311	-1.11358	15.50000
5.47405	-1.11358	15.50000
5.78498	-1.11358	15.50000
6.09591	-1.11358	11.60000
6.40685	-1.11358	7.76000
6.71778	-1.11358	7.76000
7.02871	-1.11358	11.00000
7.33965	-1.11358	15.50000
7.65058	-1.11358	15.50000
-1.98837	-0.96750	14.20000
-1.67743	-0.96750	3.24000
-1.36650	-0.96750	3.24000
-1.05556	-0.96750	0.00000
-0.74463	-0.96750	1.94000
-0.43370	-0.96750	8.41000
-0.12276	-0.96750	15.50000
0.18817	-0.96750	15.50000
0.49911	-0.96750	15.50000
0.81004	-0.96750	15.50000
1.12097	-0.96750	15.50000
1.43191	-0.96750	15.50000
1.74284	-0.96750	15.50000
2.05377	-0.96750	15.50000
2.36471	-0.96750	15.50000
2.67564	-0.96750	15.50000
2.98658	-0.96750	15.50000
3.29751	-0.96750	15.50000
3.60844	-0.96750	15.50000
3.91938	-0.96750	15.50000
4.23031	-0.96750	15.50000
4.54124	-0.96750	15.50000
4.85218	-0.96750	15.50000
5.16311	-0.96750	15.50000
5.47405	-0.96750	14.20000
5.78498	-0.96750	15.50000
6.09591	-0.96750	10.40000
6.40685	-0.96750	7.76000
6.71778	-0.96750	9.71000
7.02871	-0.96750	12.90000
7.33965	-0.96750	15.50000
7.65058	-0.96750	15.50000
-1.98837	-0.82142	15.50000
-1.67743	-0.82142	3.24000
-1.36650	-0.82142	2.59000
-1.05556	-0.82142	0.64700
-0.74463	-0.82142	1.94000
-0.43370	-0.82142	9.06000
-0.12276	-0.82142	15.50000
0.18817	-0.82142	15.50000
0.49911	-0.82142	15.50000
0.81004	-0.82142	15.50000
1.12097	-0.82142	15.50000
1.43191	-0.82142	15.50000
1.74284	-0.82142	15.50000
2.05377	-0.82142	15.50000
2.36471	-0.82142	15.50000
2.67564	-0.82142	15.50000
2.98658	-0.82142	15.50000
3.29751	-0.82142	15.50000
3.60844	-0.82142	15.50000
3.91938	-0.82142	15.50000
4.23031	-0.82142	15.50000
4.54124	-0.82142	15.50000
4.85218	-0.82142	15.50000
5.16311	-0.82142	15.50000
5.47405	-0.82142	14.20000
5.78498	-0.82142	14.20000
6.09591	-0.82142	9.06000
6.40685	-0.82142	10.40000
6.71778	-0.82142	10.40000
7.02871	-0.82142	15.50000
7.33965	-0.82142	15.50000
7.65058	-0.82142	15.50000
-1.98837	-0.67534	14.20000
-1.67743	-0.67534	3.88000
-1.36650	-0.67534	3.88000
-1.05556	-0.67534	2.59000
-0.74463	-0.67534	2.59000
-0.43370	-0.67534	9.71000
-0.12276	-0.67534	14.20000
0.18817	-0.67534	15.50000
0.49911	-0.67534	15.50000
0.81004	-0.67534	15.50000
1.12097	-0.67534	15.50000
1.43191	-0.67534	15.50000
1.74284	-0.67534	15.50000
2.05377	-0.67534	15.50000
2.36471	-0.67534	15.50000
2.67564	-0.67534	15.50000
2.98658	-0.67534	15.50000
3.29751	-0.67534	15.50000
3.60844	-0.67534	15.50000
3.91938	-0.67534	15.50000
4.23031	-0.67534	15.50000
4.54124	-0.67534	15.50000
4.85218	-0.67534	15.50000
5.16311	-0.67534	15.50000
5.47405	-0.67534	12.90000
5.78498	-0.67534	11.60000
6.09591	-0.67534	7.76000
6.40685	-0.67534	10.40000
6.71778	-0.67534	11.60000
7.02871	-0.67534	15.50000
7.33965	-0.67534	15.50000
7.65058	-0.67534	15.50000
-1.98837	-0.52926	15.50000
-1.67743	-0.52926	6.47000
-1.36650	-0.52926	3.88000
-1.05556	-0.52926	3.24000
-0.74463	-0.52926	3.88000
-0.43370	-0.52926	11.00000
-0.12276	-0.52926	15.50000
0.18817	-0.52926	15.50000
0.49911	-0.52926	15.50000
0.81004	-0.52926	15.50000
1.12097	-0.52926	15.50000
1.43191	-0.52926	15.50000
1.74284	-0.52926	15.50000
2.05377	-0.52926	15.50000
2.36471	-0.52926	15.50000
2.67564	-0.52926	15.50000
2.98658	-0.52926	15.50000
3.29751	-0.52926	15.50000
3.60844	-0.52926	15.50000
3.91938	-0.52926	15.50000
4.23031	-0.52926	15.50000
4.54124	-0.52926	15.50000
4.85218	-0.52926	15.50000
5.16311	-0.52926	15.50000
5.47405	-0.52926	14.20000
5.78498	-0.52926	9.06000
6.09591	-0.52926	9.06000
6.40685	-0.52926	11.00000
6.71778	-0.52926	14.20000
7.02871	-0.52926	15.50000
7.33965	-0.52926	15.50000
7.65058	-0.52926	15.50000
-1.98837	-0.38318	15.50000
-1.67743	-0.38318	7.76000
-1.36650	-0.38318	7.76000
-1.05556	-0.38318	3.88000
-0.74463	-0.38318	3.88000
-0.43370	-0.38318	9.06000
-0.12276	-0.38318	15.50000
0.18817	-0.38318	15.50000
0.49911	-0.38318	15.50000
0.81004	-0.38318	15.50000
1.12097	-0.38318	15.50000
1.43191	-0.38318	15.50000
1.74284	-0.38318	15.50000
2.05377	-0.38318	15.50000
2.36471	-0.38318	15.50000
2.67564	-0.38318	15.50000
2.98658	-0.38318	15.50000
3.29751	-0.38318	15.50000
3.60844	-0.38318	15.50000
3.91938	-0.38318	15.50000
4.23031	-0.38318	15.50000
4.54124	-0.38318	15.50000
4.85218	-0.38318	15.50000
5.16311	-0.38318	12.90000
5.47405	-0.38318	9.06000
5.78498	-0.38318	9.06000
6.09591	-0.38318	9.06000
6.40685	-0.38318	14.20000
6.71778	-0.38318	15.50000
7.02871	-0.38318	15.50000
7.33965	-0.38318	15.50000
7.65058	-0.38318	15.50000
-1.98837	-0.23711	15.50000
-1.67743	-0.23711	11.60000
-1.36650	-0.23711	8.41000
-1.05556	-0.23711	3.88000
-0.74463	-0.23711	2.59000
-0.43370	-0.23711	9.06000
-0.12276	-0.23711	12.90000
0.18817	-0.23711	15.50000
0.49911	-0.23711	15.50000
0.81004	-0.23711	15.50000
1.12097	-0.23711	15.50000
1.43191	-0.23711	15.50000
1.74284	-0.23711	15.50000
2.05377	-0.23711	15.50000
2.36471	-0.23711	15.50000
2.67564	-0.23711	15.50000
2.98658	-0.23711	15.50000
3.29751	-0.23711	15.50000
3.60844	-0.23711	15.50000
3.91938	-0.23711	15.50000
4.23031	-0.23711	15.50000
4.54124	-0.23711	15.50000
4.85218	-0.23711	15.50000
5.16311	-0.23711	12.90000
5.47405	-0.23711	9.06000
5.78498	-0.23711	10.40000
6.09591	-0.23711	15.50000
6.40685	-0.23711	15.50000
6.71778	-0.23711	15.50000
7.02871	-0.23711	15.50000
7.33965	-0.23711	15.50000
7.65058	-0.23711	15.50000
-1.98837	-0.09103	15.50000
-1.67743	-0.09103	14.20000
-1.36650	-0.09103	10.40000
-1.05556	-0.09103	2.59000
-0.74463	-0.09103	1.94000
-0.43370	-0.09103	7.12000
-0.12276	-0.09103	10.40000
0.18817	-0.09103	15.50000
0.49911	-0.09103	15.50000
0.81004	-0.09103	15.50000
1.12097	-0.09103	15.50000
1.43191	-0.09103	15.50000
1.74284	-0.09103	15.50000
2.05377	-0.09103	15.50000
2.36471	-0.09103	15.50000
2.67564	-0.09103	15.50000
2.98658	-0.09103	15.50000
3.29751	-0.09103	15.50000
3.60844	-0.09103	15.50000
3.91938	-0.09103	15.50000
4.23031	-0.09103	15.50000
4.54124	-0.09103	14.20000
4.85218	-0.09103	15.50000
5.16311	-0.09103	11.60000
5.47405	-0.09103	10.40000
5.78498	-0.09103	11.60000
6.09591	-0.09103	15.50000
6.40685	-0.09103	15.50000
6.71778	-0.09103	15.50000
7.02871	-0.09103	15.50000
7.33965	-0.09103	15.50000
7.65058	-0.09103	15.50000
-1.98837	0.05505	15.50000
-1.67743	0.05505	15.50000
-1.36650	0.05505	10.40000
-1.05556	0.05505	2.59000
-0.74463	0.05505	0.64700
-0.43370	0.05505	5.18000
-0.12276	0.05505	10.40000
0.18817	0.05505	15.50000
0.49911	0.05505	15.50000
0.81004	0.05505	15.50000
1.12097	0.05505	15.50000
1.43191	0.05505	15.50000
1.74284	0.05505	15.50000
2.05377	0.05505	14.20000
2.36471	0.05505	15.50000
2.67564	0.05505	15.50000
2.98658	0.05505	15.50000
3.29751	0.05505	15.50000
3.60844	0.05505	15.50000
3.91938	0.05505	15.50000
4.23031	0.05505	15.50000
4.54124	0.05505	15.50000
4.85218	0.05505	11.00000
5.16311	0.05505	9.71000
5.47405	0.05505	11.60000
5.78498	0.05505	14.20000
6.09591	0.05505	15.50000
6.40685	0.05505	15.50000
6.71778	0.05505	15.50000
7.02871	0.05505	15.50000
7.33965	0.05505	15.50000
7.65058	0.05505	15.50000
-1.98837	0.20113	15.50000
-1.67743	0.20113	15.50000
-1.36650	0.20113	9.06000
-1.05556	0.20113	2.59000
-0.74463	0.20113	0.00000
-0.43370	0.20113	3.24000
-0.12276	0.20113	10.40000
0.18817	0.20113	15.50000
0.49911	0.20113	15.50000
0.81004	0.20113	15.50000
1.12097	0.20113	15.50000
1.43191	0.20113	15.50000
1.74284	0.20113	15.50000
2.05377	0.20113	15.50000
2.36471	0.20113	14.20000
2.67564	0.20113	15.50000
2.98658	0.20113	15.50000
3.29751	0.20113	15.50000
3.60844	0.20113	15.50000
3.91938	0.20113	15.50000
4.23031	0.20113	15.50000
4.54124	0.20113	12.90000
4.85218	0.20113	12.90000
5.16311	0.20113	14.20000
5.47405	0.20113	14.20000
5.78498	0.20113	15.50000
6.09591	0.20113	15.50000
6.40685	0.20113	15.50000
6.71778	0.20113	15.50000
7.02871	0.20113	15.50000
7.33965	0.20113	15.50000
7.65058	0.20113	15.50000
-1.98837	0.34721	15.50000
-1.67743	0.34721	15.50000
-1.36650	0.34721	8.41000
-1.05556	0.34721	2.59000
-0.74463	0.34721	0.00000
-0.43370	0.34721	2.59000
-0.12276	0.34721	7.76000
0.18817	0.34721	14.20000
0.49911	0.34721	15.50000
0.81004	0.34721	15.50000
1.12097	0.34721	14.20000
1.43191	0.34721	15.50000
1.74284	0.34721	12.90000
2.05377	0.34721	14.20000
2.36471	0.34721	15.50000
2.67564	0.34721	15.50000
2.98658	0.34721	15.50000
3.29751	0.34721	15.50000
3.60844	0.34721	15.50000
3.91938	0.34721	15.50000
4.23031	0.34721	14.20000
4.54124	0.34721	12.90000
4.85218	0.34721	12.90000
5.16311	0.34721	14.20000
5.47405	0.34721	15.50000
5.78498	0.34721	15.50000
6.09591	0.34721	15.50000
6.40685	0.34721	15.50000
6.71778	0.34721	15.50000
7.02871	0.34721	15.50000
7.33965	0.34721	15.50000
7.65058	0.34721	15.50000
-1.98837	0.49329	15.50000
-1.67743	0.49329	15.50000
-1.36650	0.49329	9.71000
-1.05556	0.49329	3.88000
-0.74463	0.49329	0.00000
-0.43370	0.49329	1.94000
-0.12276	0.49329	6.47000
0.18817	0.49329	11.60000
0.49911	0.49329	15.50000
0.81004	0.49329	14.20000
1.12097	0.49329	14.20000
1.43191	0.49329	15.50000
1.74284	0.49329	14.20000
2.05377	0.49329	12.90000
2.36471	0.49329	10.40000
2.67564	0.49329	14.20000
2.98658	0.49329	12.90000
3.29751	0.49329	11.60000
3.60844	0.49329	12.90000
3.91938	0.49329	11.60000
4.23031	0.49329	12.90000
4.54124	0.49329	11.60000
4.85218	0.49329	15.50000
5.16311	0.49329	14.20000
5.47405	0.49329	15.50000
5.78498	0.49329	15.50000
6.09591	0.49329	15.50000
6.40685	0.49329	15.50000
6.71778	0.49329	15.50000
7.02871	0.49329	15.50000
7.33965	0.49329	15.50000
7.65058	0.49329	15.50000
-1.98837	0.63937	15.50000
-1.67743	0.63937	15.50000
-1.36650	0.63937	12.90000
-1.05556	0.63937	5.18000
-0.74463	0.63937	1.29000
-0.43370	0.63937	0.64700
-0.12276	0.63937	3.88000
0.18817	0.63937	7.76000
0.49911	0.63937	12.90000
0.81004	0.63937	12.90000
1.12097	0.63937	11.60000
1.43191	0.63937	11.60000
1.74284	0.63937	9.71000
2.05377	0.63937	9.06000
2.36471	0.63937	9.06000
2.67564	0.63937	9.06000
2.98658	0.63937	9.06000
3.29751	0.63937	9.06000
3.60844	0.63937	8.41000
3.91938	0.63937	9.06000
4.23031	0.63937	14.20000
4.54124	0.63937	12.90000
4.85218	0.63937	15.50000
5.16311	0.63937	15.50000
5.47405	0.63937	15.50000
5.78498	0.63937	15.50000
6.09591	0.63937	15.50000
6.40685	0.63937	15.50000
6.71778	0.63937	15.50000
7.02871	0.63937	15.50000
7.33965	0.63937	15.50000
7.65058	0.63937	15.50000
-1.98837	0.78545	15.50000
-1.67743	0.78545	15.50000
-1.36650	0.78545	15.50000
-1.05556	0.78545	8.41000
-0.74463	0.78545	1.94000
-0.43370	0.78545	0.64700
-0.12276	0.78545	3.24000
0.18817	0.78545	7.76000
0.49911	0.78545	9.71000
0.81004	0.78545	11.00000
1.12097	0.78545	10.40000
1.43191	0.78545	11.60000
1.74284	0.78545	10.40000
2.05377	0.78545	8.41000
2.36471	0.78545	8.41000
2.67564	0.78545	7.76000
2.98658	0.78545	7.76000
3.29751	0.78545	6.47000
3.60844	0.78545	7.12000
3.91938	0.78545	9.71000
4.23031	0.78545	14.20000
4.54124	0.78545	14.20000
4.85218	0.78545	15.50000
5.16311	0.78545	15.50000
5.47405	0.78545	15.50000
5.78498	0.78545	15.50000
6.09591	0.78545	15.50000
6.40685	0.78545	15.50000
6.71778	0.78545	15.50000
7.02871	0.78545	15.50000
7.33965	0.78545	15.50000
7.65058	0.78545	15.50000
-1.98837	0.93153	15.50000
-1.67743	0.93153	15.50000
-1.36650	0.93153	15.50000
-1.05556	0.93153	7.76000
-0.74463	0.93153	2.59000
-0.43370	0.93153	1.29000
-0.12276	0.93153	2.59000
0.18817	0.93153	5.18000
0.49911	0.93153	9.06000
0.81004	0.93153	14.20000
1.12097	0.93153	10.40000
1.43191	0.93153	10.40000
1.74284	0.93153	10.40000
2.05377	0.93153	7.12000
2.36471	0.93153	7.12000
2.67564	0.93153	6.47000
2.98658	0.93153	6.47000
3.29751	0.93153	6.47000
3.60844	0.93153	7.76000
3.91938	0.93153	10.40000
4.23031	0.93153	14.20000
4.54124	0.93153	15.50000
4.85218	0.93153	15.50000
5.16311	0.93153	15.50000
5.47405	0.93153	15.50000
5.78498	0.93153	15.50000
6.09591	0.93153	15.50000
6.40685	0.93153	15.50000
6.71778	0.93153	15.50000
7.02871	0.93153	15.50000
7.33965	0.93153	15.50000
7.65058	0.93153	15.50000
-1.98837	1.07761	15.50000
-1.67743	1.07761	15.50000
-1.36650	1.07761	14.20000
-1.05556	1.07761	9.06000
-0.74463	1.07761	4.53000
-0.43370	1.07761	2.59000
-0.12276	1.07761	3.88000
0.18817	1.07761	5.82000
0.49911	1.07761	9.06000
0.81004	1.07761	10.40000
1.12097	1.07761	9.71000
1.43191	1.07761	9.06000
1.74284	1.07761	9.06000
2.05377	1.07761	7.12000
2.36471	1.07761	7.76000
2.67564	1.07761	5.82000
2.98658	1.07761	7.12000
3.29751	1.07761	9.06000
3.60844	1.07761	10.40000
3.91938	1.07761	15.50000
4.23031	1.07761	15.50000
4.54124	1.07761	15.50000
4.85218	1.07761	15.50000
5.16311	1.07761	15.50000
5.47405	1.07761	15.50000
5.78498	1.07761	15.50000
6.09591	1.07761	15.50000
6.40685	1.07761	15.50000
6.71778	1.07761	15.50000
7.02871	1.07761	15.50000
7.33965	1.07761	15.50000
7.65058	1.07761	15.50000
-1.98837	1.22369	15.50000
-1.67743	1.22369	15.50000
-1.36650	1.22369	15.50000
-1.05556	1.22369	15.50000
-0.74463	1.22369	6.47000
-0.43370	1.22369	4.53000
-0.12276	1.22369	5.82000
0.18817	1.22369	7.12000
0.49911	1.22369	8.41000
0.81004	1.22369	8.41000
1.12097	1.22369	9.06000
1.43191	1.22369	8.41000
1.74284	1.22369	7.76000
2.05377	1.22369	6.47000
2.36471	1.22369	7.12000
2.67564	1.22369	7.12000
2.98658	1.22369	10.40000
3.29751	1.22369	12.90000
3.60844	1.22369	12.90000
3.91938	1.22369	15.50000
4.23031	1.22369	15.50000
4.54124	1.22369	15.50000
4.85218	1.22369	15.50000
5.16311	1.22369	15.50000
5.47405	1.22369	15.50000
5.78498	1.22369	15.50000
6.09591	1.22369	15.50000
6.40685	1.22369	15.50000
6.71778	1.22369	15.50000
7.02871	1.22369	15.50000
7.33965	1.22369	15.50000
7.65058	1.22369	15.50000
-1.98837	1.36977	15.50000
-1.67743	1.36977	15.50000
-1.36650	1.36977	15.50000
-1.05556	1.36977	15.50000
-0.74463	1.36977	9.71000
-0.43370	1.36977	8.41000
-0.12276	1.36977	8.41000
0.18817	1.36977	7.76000
0.49911	1.36977	11.60000
0.81004	1.36977	11.60000
1.12097	1.36977	9.06000
1.43191	1.36977	9.71000
1.74284	1.36977	9.06000
2.05377	1.36977	8.41000
2.36471	1.36977	8.41000
2.67564	1.36977	9.06000
2.98658	1.36977	10.40000
3.29751	1.36977	14.20000
3.60844	1.36977	15.50000
3.91938	1.36977	15.50000
4.23031	1.36977	15.50000
4.54124	1.36977	15.50000
4.85218	1.36977	15.50000
5.16311	1.36977	15.50000
5.47405	1.36977	15.50000
5.78498	1.36977	15.50000
6.09591	1.36977	15.50000
6.40685	1.36977	15.50000
6.71778	1.36977	15.50000
7.02871	1.36977	15.50000
7.33965	1.36977	15.50000
7.65058	1.36977	15.50000
-1.98837	1.51585	15.50000
-1.67743	1.51585	15.50000
-1.36650	1.51585	15.50000
-1.05556	1.51585	15.50000
-0.74463	1.51585	12.90000
-0.43370	1.51585	10.40000
-0.12276	1.51585	9.06000
0.18817	1.51585	14.20000
0.49911	1.51585	14.20000
0.81004	1.51585	12.90000
1.12097	1.51585	9.06000
1.43191	1.51585	7.76000
1.74284	1.51585	7.76000
2.05377	1.51585	9.06000
2.36471	1.51585	10.40000
2.67564	1.51585	12.90000
2.98658	1.51585	14.20000
3.29751	1.51585	15.50000
3.60844	1.51585	14.20000
3.91938	1.51585	15.50000
4.23031	1.51585	15.50000
4.54124	1.51585	15.50000
4.85218	1.51585	15.50000
5.16311	1.51585	15.50000
5.47405	1.51585	15.50000
5.78498	1.51585	15.50000
6.09591	1.51585	15.50000
6.40685	1.51585	15.50000
6.71778	1.51585	15.50000
7.02871	1.51585	15.50000
7.33965	1.51585	15.50000
7.65058	1.51585	15.50000
-1.98837	1.66193	15.50000
-1.67743	1.66193	15.50000
-1.36650	1.66193	15.50000
-1.05556	1.66193	15.50000
-0.74463	1.66193	15.50000
-0.43370	1.66193	15.50000
-0.12276	1.66193	15.50000
0.18817	1.66193	15.50000
0.49911	1.66193	15.50000
0.81004	1.66193	15.50000
1.12097	1.66193	10.40000
1.43191	1.66193	9.06000
1.74284	1.66193	8.41000
2.05377	1.66193	10.40000
2.36471	1.66193	14.20000
2.67564	1.66193	12.90000
2.98658	1.66193	15.50000
3.29751	1.66193	15.50000
3.60844	1.66193	15.50000
3.91938	1.66193	15.50000
4.23031	1.66193	15.50000
4.54124	1.66193	15.50000
4.85218	1.66193	15.50000
5.16311	1.66193	15.50000
5.47405	1.66193	15.50000
5.78498	1.66193	15.50000
6.09591	1.66193	15.50000
6.40685	1.66193	15.50000
6.71778	1.66193	15.50000
7.02871	1.66193	15.50000
7.33965	1.66193	15.50000
7.65058	1.66193	15.50000
-1.98837	1.80801	15.50000
-1.67743	1.80801	15.50000
-1.36650	1.80801	15.50000
-1.05556	1.80801	15.50000
-0.74463	1.80801	15.50000
-0.43370	1.80801	14.20000
-0.12276	1.80801	15.50000
0.18817	1.80801	15.50000
0.49911	1.80801	15.50000
0.81004	1.80801	14.20000
1.12097	1.80801	14.20000
1.43191	1.80801	11.00000
1.74284	1.80801	14.20000
2.05377	1.80801	15.50000
2.36471	1.80801	14.20000
2.67564	1.80801	15.50000
2.98658	1.80801	15.50000
3.29751	1.80801	14.20000
3.60844	1.80801	15.50000
3.91938	1.80801	15.50000
4.23031	1.80801	15.50000
4.54124	1.80801	15.50000
4.85218	1.80801	15.50000
5.16311	1.80801	15.50000
5.47405	1.80801	15.50000
5.78498	1.80801	15.50000
6.09591	1.80801	15.50000
6.40685	1.80801	15.50000
6.71778	1.80801	15.50000
7.02871	1.80801	15.50000
7.33965	1.80801	15.50000
7.65058	1.80801	15.50000
