-3.13651	-1.77506	14.40000
-2.96801	-1.77506	14.40000
-2.79951	-1.77506	14.40000
-2.63101	-1.77506	14.40000
-2.46251	-1.77506	14.40000
-2.29401	-1.77506	14.40000
-2.12551	-1.77506	14.40000
-1.95701	-1.77506	14.40000
-1.78851	-1.77506	14.40000
-1.62001	-1.77506	14.40000
-1.45151	-1.77506	14.40000
-1.28301	-1.77506	14.40000
-1.11451	-1.77506	14.40000
-0.94601	-1.77506	14.40000
-0.77751	-1.77506	14.40000
-0.60901	-1.77506	13.20000
-0.44051	-1.77506	13.20000
-0.27202	-1.77506	10.80000
-0.10352	-1.77506	14.40000
0.06498	-1.77506	14.40000
0.23348	-1.77506	14.40000
0.40198	-1.77506	14.40000
0.57048	-1.77506	14.40000
0.73898	-1.77506	14.40000
0.90748	-1.77506	14.40000
1.07598	-1.77506	14.40000
1.24448	-1.77506	14.40000
1.41298	-1.77506	14.40000
1.58148	-1.77506	14.40000
1.74998	-1.77506	14.40000
1.91848	-1.77506	14.40000
2.08698	-1.77506	14.40000
-3.13651	-1.47364	14.40000
-2.96801	-1.47364	14.40000
-2.79951	-1.47364	14.40000
-2.63101	-1.47364	14.40000
-2.46251	-1.47364	14.40000
-2.29401	-1.47364	14.40000
-2.12551	-1.47364	13.20000
-1.95701	-1.47364	11.40000
-1.78851	-1.47364	14.40000
-1.62001	-1.47364	13.20000
-1.45151	-1.47364	14.40000
-1.28301	-1.47364	11.40000
-1.11451	-1.47364	10.20000
-0.94601	-1.47364	7.81000
-0.77751	-1.47364	7.81000
-0.60901	-1.47364	8.41000
-0.44051	-1.47364	7.81000
-0.27202	-1.47364	6.01000
-0.10352	-1.47364	8.41000
0.06498	-1.47364	7.81000
0.23348	-1.47364	6.61000
0.40198	-1.47364	7.21000
0.57048	-1.47364	13.20000
0.73898	-1.47364	14.40000
0.90748	-1.47364	13.20000
1.07598	-1.47364	14.40000
1.24448	-1.47364	13.20000
1.41298	-1.47364	14.40000
1.58148	-1.47364	14.40000
1.74998	-1.47364	14.40000
1.91848	-1.47364	14.40000
2.08698	-1.47364	14.40000
-3.13651	-1.17223	14.40000
-2.96801	-1.17223	14.40000
-2.79951	-1.17223	14.40000
-2.63101	-1.17223	14.40000
-2.46251	-1.17223	11.40000
-2.29401	-1.17223	14.40000
-2.12551	-1.17223	10.20000
-1.95701	-1.17223	9.61000
-1.78851	-1.17223	6.01000
-1.62001	-1.17223	6.61000
-1.45151	-1.17223	6.01000
-1.28301	-1.17223	6.01000
-1.11451	-1.17223	4.20000
-0.94601	-1.17223	4.20000
-0.77751	-1.17223	4.81000
-0.60901	-1.17223	6.01000
-0.44051	-1.17223	4.81000
-0.27202	-1.17223	3.60000
-0.10352	-1.17223	3.60000
0.06498	-1.17223	4.20000
0.23348	-1.17223	3.60000
0.40198	-1.17223	6.01000
0.57048	-1.17223	7.81000
0.73898	-1.17223	7.81000
0.90748	-1.17223	10.20000
1.07598	-1.17223	7.21000
1.24448	-1.17223	8.41000
1.41298	-1.17223	11.40000
1.58148	-1.17223	11.40000
1.74998	-1.17223	14.40000
1.91848	-1.17223	13.20000
2.08698	-1.17223	14.40000
-3.13651	-0.87081	14.40000
-2.96801	-0.87081	14.40000
-2.79951	-0.87081	14.40000
-2.63101	-0.87081	14.40000
-2.46251	-0.87081	11.40000
-2.29401	-0.87081	9.01000
-2.12551	-0.87081	8.41000
-1.95701	-0.87081	6.01000
-1.78851	-0.87081	3.60000
-1.62001	-0.87081	3.60000
-1.45151	-0.87081	2.40000
-1.28301	-0.87081	2.40000
-1.11451	-0.87081	2.40000
-0.94601	-0.87081	3.60000
-0.77751	-0.87081	3.60000
-0.60901	-0.87081	3.60000
-0.44051	-0.87081	3.00000
-0.27202	-0.87081	2.40000
-0.10352	-0.87081	1.20000
0.06498	-0.87081	0.60100
0.23348	-0.87081	0.60100
0.40198	-0.87081	1.80000
0.57048	-0.87081	3.60000
0.73898	-0.87081	4.20000
0.90748	-0.87081	4.81000
1.07598	-0.87081	4.20000
1.24448	-0.87081	6.01000
1.41298	-0.87081	5.41000
1.58148	-0.87081	4.81000
1.74998	-0.87081	6.01000
1.91848	-0.87081	11.40000
2.08698	-0.87081	14.40000
-3.13651	-0.56939	14.40000
-2.96801	-0.56939	14.40000
-2.79951	-0.56939	13.20000
-2.63101	-0.56939	9.61000
-2.46251	-0.56939	6.01000
-2.29401	-0.56939	6.61000
-2.12551	-0.56939	5.41000
-1.95701	-0.56939	3.60000
-1.78851	-0.56939	3.00000
-1.62001	-0.56939	1.80000
-1.45151	-0.56939	1.80000
-1.28301	-0.56939	1.80000
-1.11451	-0.56939	3.00000
-0.94601	-0.56939	3.00000
-0.77751	-0.56939	3.60000
-0.60901	-0.56939	1.80000
-0.44051	-0.56939	1.80000
-0.27202	-0.56939	1.20000
-0.10352	-0.56939	0.60100
0.06498	-0.56939	1.80000
0.23348	-0.56939	1.80000
0.40198	-0.56939	0.60100
0.57048	-0.56939	1.20000
0.73898	-0.56939	1.20000
0.90748	-0.56939	1.80000
1.07598	-0.56939	1.80000
1.24448	-0.56939	1.20000
1.41298	-0.56939	1.20000
1.58148	-0.56939	3.00000
1.74998	-0.56939	4.81000
1.91848	-0.56939	11.40000
2.08698	-0.56939	14.40000
-3.13651	-0.26798	14.40000
-2.96801	-0.26798	14.40000
-2.79951	-0.26798	11.40000
-2.63101	-0.26798	8.41000
-2.46251	-0.26798	4.20000
-2.29401	-0.26798	4.81000
-2.12551	-0.26798	4.20000
-1.95701	-0.26798	3.60000
-1.78851	-0.26798	2.40000
-1.62001	-0.26798	1.80000
-1.45151	-0.26798	2.40000
-1.28301	-0.26798	3.60000
-1.11451	-0.26798	3.60000
-0.94601	-0.26798	6.01000
-0.77751	-0.26798	4.20000
-0.60901	-0.26798	3.60000
-0.44051	-0.26798	3.00000
-0.27202	-0.26798	2.40000
-0.10352	-0.26798	3.60000
0.06498	-0.26798	5.41000
0.23348	-0.26798	4.81000
0.40198	-0.26798	3.60000
0.57048	-0.26798	1.80000
0.73898	-0.26798	1.20000
0.90748	-0.26798	0.60100
1.07598	-0.26798	0.00000
1.24448	-0.26798	0.00000
1.41298	-0.26798	0.60100
1.58148	-0.26798	1.80000
1.74998	-0.26798	4.81000
1.91848	-0.26798	9.61000
2.08698	-0.26798	11.40000
-3.13651	0.03344	14.40000
-2.96801	0.03344	11.40000
-2.79951	0.03344	11.40000
-2.63101	0.03344	6.61000
-2.46251	0.03344	4.20000
-2.29401	0.03344	3.00000
-2.12551	0.03344	3.60000
-1.95701	0.03344	3.00000
-1.78851	0.03344	3.00000
-1.62001	0.03344	4.20000
-1.45151	0.03344	4.20000
-1.28301	0.03344	5.41000
-1.11451	0.03344	7.21000
-0.94601	0.03344	10.80000
-0.77751	0.03344	8.41000
-0.60901	0.03344	8.41000
-0.44051	0.03344	10.20000
-0.27202	0.03344	10.80000
-0.10352	0.03344	13.20000
0.06498	0.03344	10.80000
0.23348	0.03344	9.61000
0.40198	0.03344	5.41000
0.57048	0.03344	4.81000
0.73898	0.03344	3.60000
0.90748	0.03344	2.40000
1.07598	0.03344	2.40000
1.24448	0.03344	3.00000
1.41298	0.03344	3.00000
1.58148	0.03344	3.60000
1.74998	0.03344	5.41000
1.91848	0.03344	11.40000
2.08698	0.03344	14.40000
-3.13651	0.33486	14.40000
-2.96801	0.33486	11.40000
-2.79951	0.33486	10.20000
-2.63101	0.33486	6.61000
-2.46251	0.33486	4.20000
-2.29401	0.33486	4.20000
-2.12551	0.33486	3.60000
-1.95701	0.33486	4.81000
-1.78851	0.33486	4.81000
-1.62001	0.33486	6.01000
-1.45151	0.33486	6.61000
-1.28301	0.33486	10.80000
-1.11451	0.33486	10.80000
-0.94601	0.33486	14.40000
-0.77751	0.33486	14.40000
-0.60901	0.33486	13.20000
-0.44051	0.33486	14.40000
-0.27202	0.33486	14.40000
-0.10352	0.33486	14.40000
0.06498	0.33486	14.40000
0.23348	0.33486	13.20000
0.40198	0.33486	8.41000
0.57048	0.33486	6.61000
0.73898	0.33486	4.81000
0.90748	0.33486	3.00000
1.07598	0.33486	2.40000
1.24448	0.33486	2.40000
1.41298	0.33486	1.80000
1.58148	0.33486	4.20000
1.74998	0.33486	8.41000
1.91848	0.33486	14.40000
2.08698	0.33486	14.40000
-3.13651	0.63627	13.20000
-2.96801	0.63627	10.80000
-2.79951	0.63627	7.81000
-2.63101	0.63627	6.61000
-2.46251	0.63627	5.41000
-2.29401	0.63627	4.81000
-2.12551	0.63627	6.01000
-1.95701	0.63627	6.61000
-1.78851	0.63627	8.41000
-1.62001	0.63627	10.20000
-1.45151	0.63627	10.20000
-1.28301	0.63627	10.80000
-1.11451	0.63627	14.40000
-0.94601	0.63627	14.40000
-0.77751	0.63627	14.40000
-0.60901	0.63627	14.40000
-0.44051	0.63627	14.40000
-0.27202	0.63627	14.40000
-0.10352	0.63627	14.40000
0.06498	0.63627	14.40000
0.23348	0.63627	13.20000
0.40198	0.63627	7.21000
0.57048	0.63627	7.81000
0.73898	0.63627	5.41000
0.90748	0.63627	3.00000
1.07598	0.63627	1.80000
1.24448	0.63627	1.20000
1.41298	0.63627	2.40000
1.58148	0.63627	4.81000
1.74998	0.63627	10.80000
1.91848	0.63627	14.40000
2.08698	0.63627	14.40000
-3.13651	0.93769	10.80000
-2.96801	0.93769	10.80000
-2.79951	0.93769	8.41000
-2.63101	0.93769	6.61000
-2.46251	0.93769	6.61000
-2.29401	0.93769	9.61000
-2.12551	0.93769	7.81000
-1.95701	0.93769	11.40000
-1.78851	0.93769	10.20000
-1.62001	0.93769	10.80000
-1.45151	0.93769	13.20000
-1.28301	0.93769	10.80000
-1.11451	0.93769	14.40000
-0.94601	0.93769	14.40000
-0.77751	0.93769	14.40000
-0.60901	0.93769	14.40000
-0.44051	0.93769	14.40000
-0.27202	0.93769	14.40000
-0.10352	0.93769	14.40000
0.06498	0.93769	10.80000
0.23348	0.93769	11.40000
0.40198	0.93769	10.80000
0.57048	0.93769	8.41000
0.73898	0.93769	6.61000
0.90748	0.93769	5.41000
1.07598	0.93769	4.20000
1.24448	0.93769	4.20000
1.41298	0.93769	4.81000
1.58148	0.93769	9.01000
1.74998	0.93769	10.20000
1.91848	0.93769	14.40000
2.08698	0.93769	13.20000
-3.13651	1.23911	14.40000
-2.96801	1.23911	14.40000
-2.79951	1.23911	11.40000
-2.63101	1.23911	9.01000
-2.46251	1.23911	7.81000
-2.29401	1.23911	11.40000
-2.12551	1.23911	10.80000
-1.95701	1.23911	8.41000
-1.78851	1.23911	13.20000
-1.62001	1.23911	14.40000
-1.45151	1.23911	13.20000
-1.28301	1.23911	14.40000
-1.11451	1.23911	14.40000
-0.94601	1.23911	14.40000
-0.77751	1.23911	14.40000
-0.60901	1.23911	14.40000
-0.44051	1.23911	14.40000
-0.27202	1.23911	14.40000
-0.10352	1.23911	14.40000
0.06498	1.23911	14.40000
0.23348	1.23911	14.40000
0.40198	1.23911	14.40000
0.57048	1.23911	10.20000
0.73898	1.23911	8.41000
0.90748	1.23911	7.81000
1.07598	1.23911	7.21000
1.24448	1.23911	7.81000
1.41298	1.23911	8.41000
1.58148	1.23911	13.20000
1.74998	1.23911	13.20000
1.91848	1.23911	13.20000
2.08698	1.23911	13.20000
-3.13651	1.54053	14.40000
-2.96801	1.54053	14.40000
-2.79951	1.54053	13.20000
-2.63101	1.54053	10.80000
-2.46251	1.54053	13.20000
-2.29401	1.54053	11.40000
-2.12551	1.54053	13.20000
-1.95701	1.54053	10.80000
-1.78851	1.54053	14.40000
-1.62001	1.54053	13.20000
-1.45151	1.54053	14.40000
-1.28301	1.54053	14.40000
-1.11451	1.54053	14.40000
-0.94601	1.54053	14.40000
-0.77751	1.54053	14.40000
-0.60901	1.54053	14.40000
-0.44051	1.54053	14.40000
-0.27202	1.54053	14.40000
-0.10352	1.54053	14.40000
0.06498	1.54053	14.40000
0.23348	1.54053	14.40000
0.40198	1.54053	14.40000
0.57048	1.54053	14.40000
0.73898	1.54053	10.80000
0.90748	1.54053	9.01000
1.07598	1.54053	11.40000
1.24448	1.54053	11.40000
1.41298	1.54053	10.80000
1.58148	1.54053	10.80000
1.74998	1.54053	14.40000
1.91848	1.54053	14.40000
2.08698	1.54053	14.40000
-3.13651	1.84194	14.40000
-2.96801	1.84194	14.40000
-2.79951	1.84194	13.20000
-2.63101	1.84194	13.20000
-2.46251	1.84194	10.20000
-2.29401	1.84194	13.20000
-2.12551	1.84194	14.40000
-1.95701	1.84194	14.40000
-1.78851	1.84194	14.40000
-1.62001	1.84194	14.40000
-1.45151	1.84194	14.40000
-1.28301	1.84194	14.40000
-1.11451	1.84194	14.40000
-0.94601	1.84194	14.40000
-0.77751	1.84194	14.40000
-0.60901	1.84194	14.40000
-0.44051	1.84194	14.40000
-0.27202	1.84194	14.40000
-0.10352	1.84194	14.40000
0.06498	1.84194	14.40000
0.23348	1.84194	14.40000
0.40198	1.84194	14.40000
0.57048	1.84194	14.40000
0.73898	1.84194	11.40000
0.90748	1.84194	13.20000
1.07598	1.84194	14.40000
1.24448	1.84194	10.80000
1.41298	1.84194	13.20000
1.58148	1.84194	14.40000
1.74998	1.84194	14.40000
1.91848	1.84194	14.40000
2.08698	1.84194	14.40000
-3.13651	2.14336	14.40000
-2.96801	2.14336	14.40000
-2.79951	2.14336	14.40000
-2.63101	2.14336	14.40000
-2.46251	2.14336	13.20000
-2.29401	2.14336	14.40000
-2.12551	2.14336	14.40000
-1.95701	2.14336	14.40000
-1.78851	2.14336	14.40000
-1.62001	2.14336	14.40000
-1.45151	2.14336	14.40000
-1.28301	2.14336	14.40000
-1.11451	2.14336	14.40000
-0.94601	2.14336	14.40000
-0.77751	2.14336	14.40000
-0.60901	2.14336	14.40000
-0.44051	2.14336	14.40000
-0.27202	2.14336	14.40000
-0.10352	2.14336	14.40000
0.06498	2.14336	14.40000
0.23348	2.14336	14.40000
0.40198	2.14336	14.40000
0.57048	2.14336	14.40000
0.73898	2.14336	14.40000
0.90748	2.14336	13.20000
1.07598	2.14336	14.40000
1.24448	2.14336	13.20000
1.41298	2.14336	13.20000
1.58148	2.14336	14.40000
1.74998	2.14336	14.40000
1.91848	2.14336	14.40000
2.08698	2.14336	14.40000
-3.13651	2.44478	14.40000
-2.96801	2.44478	13.20000
-2.79951	2.44478	11.40000
-2.63101	2.44478	14.40000
-2.46251	2.44478	14.40000
-2.29401	2.44478	14.40000
-2.12551	2.44478	14.40000
-1.95701	2.44478	14.40000
-1.78851	2.44478	14.40000
-1.62001	2.44478	14.40000
-1.45151	2.44478	14.40000
-1.28301	2.44478	14.40000
-1.11451	2.44478	14.40000
-0.94601	2.44478	14.40000
-0.77751	2.44478	14.40000
-0.60901	2.44478	14.40000
-0.44051	2.44478	14.40000
-0.27202	2.44478	14.40000
-0.10352	2.44478	14.40000
0.06498	2.44478	14.40000
0.23348	2.44478	14.40000
0.40198	2.44478	14.40000
0.57048	2.44478	14.40000
0.73898	2.44478	13.20000
0.90748	2.44478	14.40000
1.07598	2.44478	11.40000
1.24448	2.44478	13.20000
1.41298	2.44478	13.20000
1.58148	2.44478	14.40000
1.74998	2.44478	14.40000
1.91848	2.44478	14.40000
2.08698	2.44478	14.40000
-3.13651	2.74619	14.40000
-2.96801	2.74619	14.40000
-2.79951	2.74619	14.40000
-2.63101	2.74619	14.40000
-2.46251	2.74619	14.40000
-2.29401	2.74619	14.40000
-2.12551	2.74619	14.40000
-1.95701	2.74619	14.40000
-1.78851	2.74619	14.40000
-1.62001	2.74619	14.40000
-1.45151	2.74619	14.40000
-1.28301	2.74619	14.40000
-1.11451	2.74619	14.40000
-0.94601	2.74619	14.40000
-0.77751	2.74619	14.40000
-0.60901	2.74619	14.40000
-0.44051	2.74619	14.40000
-0.27202	2.74619	14.40000
-0.10352	2.74619	14.40000
0.06498	2.74619	11.40000
0.23348	2.74619	14.40000
0.40198	2.74619	11.40000
0.57048	2.74619	11.40000
0.73898	2.74619	13.20000
0.90748	2.74619	14.40000
1.07598	2.74619	14.40000
1.24448	2.74619	14.40000
1.41298	2.74619	14.40000
1.58148	2.74619	14.40000
1.74998	2.74619	14.40000
1.91848	2.74619	14.40000
2.08698	2.74619	14.40000
-3.13651	3.04761	14.40000
-2.96801	3.04761	14.40000
-2.79951	3.04761	14.40000
-2.63101	3.04761	14.40000
-2.46251	3.04761	14.40000
-2.29401	3.04761	14.40000
-2.12551	3.04761	14.40000
-1.95701	3.04761	14.40000
-1.78851	3.04761	14.40000
-1.62001	3.04761	14.40000
-1.45151	3.04761	14.40000
-1.28301	3.04761	14.40000
-1.11451	3.04761	14.40000
-0.94601	3.04761	14.40000
-0.77751	3.04761	14.40000
-0.60901	3.04761	14.40000
-0.44051	3.04761	11.40000
-0.27202	3.04761	14.40000
-0.10352	3.04761	13.20000
0.06498	3.04761	11.40000
0.23348	3.04761	13.20000
0.40198	3.04761	11.40000
0.57048	3.04761	14.40000
0.73898	3.04761	14.40000
0.90748	3.04761	14.40000
1.07598	3.04761	14.40000
1.24448	3.04761	14.40000
1.41298	3.04761	14.40000
1.58148	3.04761	14.40000
1.74998	3.04761	14.40000
1.91848	3.04761	14.40000
2.08698	3.04761	14.40000
-3.13651	3.34903	14.40000
-2.96801	3.34903	14.40000
-2.79951	3.34903	14.40000
-2.63101	3.34903	14.40000
-2.46251	3.34903	14.40000
-2.29401	3.34903	14.40000
-2.12551	3.34903	14.40000
-1.95701	3.34903	14.40000
-1.78851	3.34903	14.40000
-1.62001	3.34903	14.40000
-1.45151	3.34903	14.40000
-1.28301	3.34903	14.40000
-1.11451	3.34903	14.40000
-0.94601	3.34903	14.40000
-0.77751	3.34903	14.40000
-0.60901	3.34903	11.40000
-0.44051	3.34903	10.80000
-0.27202	3.34903	9.01000
-0.10352	3.34903	13.20000
0.06498	3.34903	11.40000
0.23348	3.34903	13.20000
0.40198	3.34903	13.20000
0.57048	3.34903	14.40000
0.73898	3.34903	14.40000
0.90748	3.34903	14.40000
1.07598	3.34903	14.40000
1.24448	3.34903	14.40000
1.41298	3.34903	14.40000
1.58148	3.34903	14.40000
1.74998	3.34903	14.40000
1.91848	3.34903	14.40000
2.08698	3.34903	14.40000
-3.13651	3.65044	14.40000
-2.96801	3.65044	14.40000
-2.79951	3.65044	14.40000
-2.63101	3.65044	14.40000
-2.46251	3.65044	14.40000
-2.29401	3.65044	14.40000
-2.12551	3.65044	14.40000
-1.95701	3.65044	14.40000
-1.78851	3.65044	14.40000
-1.62001	3.65044	14.40000
-1.45151	3.65044	14.40000
-1.28301	3.65044	14.40000
-1.11451	3.65044	14.40000
-0.94601	3.65044	13.20000
-0.77751	3.65044	13.20000
-0.60901	3.65044	9.01000
-0.44051	3.65044	10.20000
-0.27202	3.65044	9.01000
-0.10352	3.65044	11.40000
0.06498	3.65044	11.40000
0.23348	3.65044	14.40000
0.40198	3.65044	14.40000
0.57048	3.65044	14.40000
0.73898	3.65044	14.40000
0.90748	3.65044	14.40000
1.07598	3.65044	14.40000
1.24448	3.65044	14.40000
1.41298	3.65044	14.40000
1.58148	3.65044	14.40000
1.74998	3.65044	14.40000
1.91848	3.65044	14.40000
2.08698	3.65044	14.40000
-3.13651	3.95186	14.40000
-2.96801	3.95186	14.40000
-2.79951	3.95186	14.40000
-2.63101	3.95186	14.40000
-2.46251	3.95186	14.40000
-2.29401	3.95186	14.40000
-2.12551	3.95186	14.40000
-1.95701	3.95186	14.40000
-1.78851	3.95186	14.40000
-1.62001	3.95186	14.40000
-1.45151	3.95186	14.40000
-1.28301	3.95186	14.40000
-1.11451	3.95186	14.40000
-0.94601	3.95186	11.40000
-0.77751	3.95186	13.20000
-0.60901	3.95186	9.01000
-0.44051	3.95186	10.80000
-0.27202	3.95186	9.01000
-0.10352	3.95186	11.40000
0.06498	3.95186	14.40000
0.23348	3.95186	14.40000
0.40198	3.95186	14.40000
0.57048	3.95186	14.40000
0.73898	3.95186	14.40000
0.90748	3.95186	14.40000
1.07598	3.95186	14.40000
1.24448	3.95186	14.40000
1.41298	3.95186	14.40000
1.58148	3.95186	14.40000
1.74998	3.95186	14.40000
1.91848	3.95186	14.40000
2.08698	3.95186	14.40000
-3.13651	4.25328	14.40000
-2.96801	4.25328	14.40000
-2.79951	4.25328	14.40000
-2.63101	4.25328	14.40000
-2.46251	4.25328	14.40000
-2.29401	4.25328	14.40000
-2.12551	4.25328	14.40000
-1.95701	4.25328	14.40000
-1.78851	4.25328	14.40000
-1.62001	4.25328	14.40000
-1.45151	4.25328	14.40000
-1.28301	4.25328	14.40000
-1.11451	4.25328	13.20000
-0.94601	4.25328	13.20000
-0.77751	4.25328	8.41000
-0.60901	4.25328	7.21000
-0.44051	4.25328	7.81000
-0.27202	4.25328	10.20000
-0.10352	4.25328	13.20000
0.06498	4.25328	14.40000
0.23348	4.25328	14.40000
0.40198	4.25328	14.40000
0.57048	4.25328	14.40000
0.73898	4.25328	14.40000
0.90748	4.25328	14.40000
1.07598	4.25328	14.40000
1.24448	4.25328	14.40000
1.41298	4.25328	14.40000
1.58148	4.25328	14.40000
1.74998	4.25328	14.40000
1.91848	4.25328	14.40000
2.08698	4.25328	14.40000
-3.13651	4.55470	14.40000
-2.96801	4.55470	14.40000
-2.79951	4.55470	14.40000
-2.63101	4.55470	14.40000
-2.46251	4.55470	14.40000
-2.29401	4.55470	14.40000
-2.12551	4.55470	14.40000
-1.95701	4.55470	14.40000
-1.78851	4.55470	14.40000
-1.62001	4.55470	14.40000
-1.45151	4.55470	14.40000
-1.28301	4.55470	14.40000
-1.11451	4.55470	14.40000
-0.94601	4.55470	10.20000
-0.77751	4.55470	9.61000
-0.60901	4.55470	8.41000
-0.44051	4.55470	8.41000
-0.27202	4.55470	10.20000
-0.10352	4.55470	10.20000
0.06498	4.55470	11.40000
0.23348	4.55470	13.20000
0.40198	4.55470	14.40000
0.57048	4.55470	11.40000
0.73898	4.55470	14.40000
0.90748	4.55470	14.40000
1.07598	4.55470	14.40000
1.24448	4.55470	14.40000
1.41298	4.55470	14.40000
1.58148	4.55470	14.40000
1.74998	4.55470	14.40000
1.91848	4.55470	14.40000
2.08698	4.55470	14.40000
-3.13651	4.85611	14.40000
-2.96801	4.85611	14.40000
-2.79951	4.85611	14.40000
-2.63101	4.85611	14.40000
-2.46251	4.85611	14.40000
-2.29401	4.85611	14.40000
-2.12551	4.85611	14.40000
-1.95701	4.85611	14.40000
-1.78851	4.85611	14.40000
-1.62001	4.85611	14.40000
-1.45151	4.85611	14.40000
-1.28301	4.85611	14.40000
-1.11451	4.85611	14.40000
-0.94601	4.85611	14.40000
-0.77751	4.85611	10.20000
-0.60901	4.85611	8.41000
-0.44051	4.85611	8.41000
-0.27202	4.85611	9.01000
-0.10352	4.85611	10.20000
0.06498	4.85611	13.20000
0.23348	4.85611	11.40000
0.40198	4.85611	13.20000
0.57048	4.85611	14.40000
0.73898	4.85611	14.40000
0.90748	4.85611	14.40000
1.07598	4.85611	14.40000
1.24448	4.85611	14.40000
1.41298	4.85611	14.40000
1.58148	4.85611	14.40000
1.74998	4.85611	14.40000
1.91848	4.85611	14.40000
2.08698	4.85611	14.40000
-3.13651	5.15753	14.40000
-2.96801	5.15753	14.40000
-2.79951	5.15753	14.40000
-2.63101	5.15753	14.40000
-2.46251	5.15753	14.40000
-2.29401	5.15753	14.40000
-2.12551	5.15753	14.40000
-1.95701	5.15753	14.40000
-1.78851	5.15753	14.40000
-1.62001	5.15753	14.40000
-1.45151	5.15753	14.40000
-1.28301	5.15753	14.40000
-1.11451	5.15753	14.40000
-0.94601	5.15753	14.40000
-0.77751	5.15753	14.40000
-0.60901	5.15753	11.40000
-0.44051	5.15753	8.41000
-0.27202	5.15753	13.20000
-0.10352	5.15753	13.20000
0.06498	5.15753	13.20000
0.23348	5.15753	11.40000
0.40198	5.15753	11.40000
0.57048	5.15753	13.20000
0.73898	5.15753	13.20000
0.90748	5.15753	14.40000
1.07598	5.15753	14.40000
1.24448	5.15753	14.40000
1.41298	5.15753	14.40000
1.58148	5.15753	14.40000
1.74998	5.15753	14.40000
1.91848	5.15753	14.40000
2.08698	5.15753	14.40000
-3.13651	5.45895	14.40000
-2.96801	5.45895	14.40000
-2.79951	5.45895	14.40000
-2.63101	5.45895	14.40000
-2.46251	5.45895	14.40000
-2.29401	5.45895	14.40000
-2.12551	5.45895	14.40000
-1.95701	5.45895	14.40000
-1.78851	5.45895	14.40000
-1.62001	5.45895	14.40000
-1.45151	5.45895	14.40000
-1.28301	5.45895	14.40000
-1.11451	5.45895	14.40000
-0.94601	5.45895	14.40000
-0.77751	5.45895	13.20000
-0.60901	5.45895	9.01000
-0.44051	5.45895	11.40000
-0.27202	5.45895	11.40000
-0.10352	5.45895	10.20000
0.06498	5.45895	13.20000
0.23348	5.45895	14.40000
0.40198	5.45895	14.40000
0.57048	5.45895	14.40000
0.73898	5.45895	14.40000
0.90748	5.45895	14.40000
1.07598	5.45895	14.40000
1.24448	5.45895	14.40000
1.41298	5.45895	14.40000
1.58148	5.45895	14.40000
1.74998	5.45895	14.40000
1.91848	5.45895	14.40000
2.08698	5.45895	14.40000
-3.13651	5.76036	14.40000
-2.96801	5.76036	14.40000
-2.79951	5.76036	14.40000
-2.63101	5.76036	14.40000
-2.46251	5.76036	14.40000
-2.29401	5.76036	14.40000
-2.12551	5.76036	14.40000
-1.95701	5.76036	14.40000
-1.78851	5.76036	14.40000
-1.62001	5.76036	14.40000
-1.45151	5.76036	14.40000
-1.28301	5.76036	14.40000
-1.11451	5.76036	13.20000
-0.94601	5.76036	13.20000
-0.77751	5.76036	9.61000
-0.60901	5.76036	13.20000
-0.44051	5.76036	10.80000
-0.27202	5.76036	10.80000
-0.10352	5.76036	13.20000
0.06498	5.76036	13.20000
0.23348	5.76036	14.40000
0.40198	5.76036	14.40000
0.57048	5.76036	14.40000
0.73898	5.76036	14.40000
0.90748	5.76036	14.40000
1.07598	5.76036	14.40000
1.24448	5.76036	14.40000
1.41298	5.76036	14.40000
1.58148	5.76036	14.40000
1.74998	5.76036	14.40000
1.91848	5.76036	14.40000
2.08698	5.76036	14.40000
-3.13651	6.06178	14.40000
-2.96801	6.06178	14.40000
-2.79951	6.06178	14.40000
-2.63101	6.06178	14.40000
-2.46251	6.06178	14.40000
-2.29401	6.06178	14.40000
-2.12551	6.06178	14.40000
-1.95701	6.06178	14.40000
-1.78851	6.06178	14.40000
-1.62001	6.06178	14.40000
-1.45151	6.06178	13.20000
-1.28301	6.06178	14.40000
-1.11451	6.06178	13.20000
-0.94601	6.06178	10.80000
-0.77751	6.06178	10.80000
-0.60901	6.06178	9.61000
-0.44051	6.06178	11.40000
-0.27202	6.06178	14.40000
-0.10352	6.06178	14.40000
0.06498	6.06178	14.40000
0.23348	6.06178	14.40000
0.40198	6.06178	14.40000
0.57048	6.06178	14.40000
0.73898	6.06178	14.40000
0.90748	6.06178	14.40000
1.07598	6.06178	14.40000
1.24448	6.06178	14.40000
1.41298	6.06178	14.40000
1.58148	6.06178	14.40000
1.74998	6.06178	14.40000
1.91848	6.06178	14.40000
2.08698	6.06178	14.40000
-3.13651	6.36320	14.40000
-2.96801	6.36320	14.40000
-2.79951	6.36320	14.40000
-2.63101	6.36320	14.40000
-2.46251	6.36320	14.40000
-2.29401	6.36320	14.40000
-2.12551	6.36320	14.40000
-1.95701	6.36320	14.40000
-1.78851	6.36320	14.40000
-1.62001	6.36320	14.40000
-1.45151	6.36320	14.40000
-1.28301	6.36320	14.40000
-1.11451	6.36320	10.80000
-0.94601	6.36320	11.40000
-0.77751	6.36320	9.61000
-0.60901	6.36320	10.80000
-0.44051	6.36320	11.40000
-0.27202	6.36320	13.20000
-0.10352	6.36320	14.40000
0.06498	6.36320	11.40000
0.23348	6.36320	14.40000
0.40198	6.36320	14.40000
0.57048	6.36320	14.40000
0.73898	6.36320	14.40000
0.90748	6.36320	14.40000
1.07598	6.36320	14.40000
1.24448	6.36320	14.40000
1.41298	6.36320	14.40000
1.58148	6.36320	14.40000
1.74998	6.36320	14.40000
1.91848	6.36320	14.40000
2.08698	6.36320	14.40000
-3.13651	6.66461	14.40000
-2.96801	6.66461	14.40000
-2.79951	6.66461	14.40000
-2.63101	6.66461	14.40000
-2.46251	6.66461	14.40000
-2.29401	6.66461	14.40000
-2.12551	6.66461	14.40000
-1.95701	6.66461	14.40000
-1.78851	6.66461	14.40000
-1.62001	6.66461	14.40000
-1.45151	6.66461	14.40000
-1.28301	6.66461	14.40000
-1.11451	6.66461	14.40000
-0.94601	6.66461	11.40000
-0.77751	6.66461	11.40000
-0.60901	6.66461	10.80000
-0.44051	6.66461	9.61000
-0.27202	6.66461	13.20000
-0.10352	6.66461	14.40000
0.06498	6.66461	14.40000
0.23348	6.66461	14.40000
0.40198	6.66461	14.40000
0.57048	6.66461	14.40000
0.73898	6.66461	14.40000
0.90748	6.66461	14.40000
1.07598	6.66461	14.40000
1.24448	6.66461	14.40000
1.41298	6.66461	14.40000
1.58148	6.66461	14.40000
1.74998	6.66461	14.40000
1.91848	6.66461	14.40000
2.08698	6.66461	14.40000
-3.13651	6.96603	14.40000
-2.96801	6.96603	14.40000
-2.79951	6.96603	14.40000
-2.63101	6.96603	14.40000
-2.46251	6.96603	14.40000
-2.29401	6.96603	14.40000
-2.12551	6.96603	14.40000
-1.95701	6.96603	14.40000
-1.78851	6.96603	14.40000
-1.62001	6.96603	14.40000
-1.45151	6.96603	14.40000
-1.28301	6.96603	14.40000
-1.11451	6.96603	11.40000
-0.94601	6.96603	13.20000
-0.77751	6.96603	11.40000
-0.60901	6.96603	9.01000
-0.44051	6.96603	9.61000
-0.27202	6.96603	9.61000
-0.10352	6.96603	11.40000
0.06498	6.96603	13.20000
0.23348	6.96603	14.40000
0.40198	6.96603	14.40000
0.57048	6.96603	14.40000
0.73898	6.96603	14.40000
0.90748	6.96603	14.40000
1.07598	6.96603	14.40000
1.24448	6.96603	14.40000
1.41298	6.96603	14.40000
1.58148	6.96603	14.40000
1.74998	6.96603	14.40000
1.91848	6.96603	14.40000
2.08698	6.96603	14.40000
-3.13651	7.26745	14.40000
-2.96801	7.26745	14.40000
-2.79951	7.26745	14.40000
-2.63101	7.26745	14.40000
-2.46251	7.26745	14.40000
-2.29401	7.26745	14.40000
-2.12551	7.26745	14.40000
-1.95701	7.26745	14.40000
-1.78851	7.26745	14.40000
-1.62001	7.26745	14.40000
-1.45151	7.26745	14.40000
-1.28301	7.26745	14.40000
-1.11451	7.26745	13.20000
-0.94601	7.26745	13.20000
-0.77751	7.26745	13.20000
-0.60901	7.26745	10.20000
-0.44051	7.26745	13.20000
-0.27202	7.26745	13.20000
-0.10352	7.26745	14.40000
0.06498	7.26745	13.20000
0.23348	7.26745	14.40000
0.40198	7.26745	14.40000
0.57048	7.26745	14.40000
0.73898	7.26745	14.40000
0.90748	7.26745	14.40000
1.07598	7.26745	14.40000
1.24448	7.26745	14.40000
1.41298	7.26745	14.40000
1.58148	7.26745	14.40000
1.74998	7.26745	14.40000
1.91848	7.26745	14.40000
2.08698	7.26745	14.40000
-3.13651	7.56886	14.40000
-2.96801	7.56886	14.40000
-2.79951	7.56886	14.40000
-2.63101	7.56886	14.40000
-2.46251	7.56886	14.40000
-2.29401	7.56886	14.40000
-2.12551	7.56886	14.40000
-1.95701	7.56886	14.40000
-1.78851	7.56886	14.40000
-1.62001	7.56886	14.40000
-1.45151	7.56886	14.40000
-1.28301	7.56886	14.40000
-1.11451	7.56886	14.40000
-0.94601	7.56886	14.40000
-0.77751	7.56886	14.40000
-0.60901	7.56886	11.40000
-0.44051	7.56886	13.20000
-0.27202	7.56886	14.40000
-0.10352	7.56886	14.40000
0.06498	7.56886	14.40000
0.23348	7.56886	14.40000
0.40198	7.56886	14.40000
0.57048	7.56886	14.40000
0.73898	7.56886	14.40000
0.90748	7.56886	14.40000
1.07598	7.56886	14.40000
1.24448	7.56886	14.40000
1.41298	7.56886	14.40000
1.58148	7.56886	14.40000
1.74998	7.56886	14.40000
1.91848	7.56886	14.40000
2.08698	7.56886	14.40000
