-4.02347	-4.83131	16.00000
-3.68357	-4.83131	16.00000
-3.34368	-4.83131	16.00000
-3.00379	-4.83131	16.00000
-2.66390	-4.83131	16.00000
-2.32401	-4.83131	16.00000
-1.98412	-4.83131	16.00000
-1.64423	-4.83131	16.00000
-1.30434	-4.83131	16.00000
-0.96445	-4.83131	16.00000
-0.62456	-4.83131	16.00000
-0.28467	-4.83131	16.00000
0.05522	-4.83131	16.00000
0.39511	-4.83131	16.00000
0.73500	-4.83131	16.00000
1.07489	-4.83131	16.00000
1.41478	-4.83131	16.00000
1.75467	-4.83131	16.00000
2.09456	-4.83131	16.00000
2.43445	-4.83131	16.00000
2.77434	-4.83131	16.00000
3.11423	-4.83131	16.00000
3.45412	-4.83131	16.00000
3.79401	-4.83131	16.00000
4.13390	-4.83131	16.00000
4.47379	-4.83131	16.00000
4.81368	-4.83131	16.00000
5.15357	-4.83131	16.00000
5.49346	-4.83131	16.00000
5.83335	-4.83131	15.40000
6.17324	-4.83131	16.00000
6.51313	-4.83131	16.00000
-4.02347	-4.61778	16.00000
-3.68357	-4.61778	16.00000
-3.34368	-4.61778	16.00000
-3.00379	-4.61778	16.00000
-2.66390	-4.61778	16.00000
-2.32401	-4.61778	16.00000
-1.98412	-4.61778	16.00000
-1.64423	-4.61778	16.00000
-1.30434	-4.61778	16.00000
-0.96445	-4.61778	16.00000
-0.62456	-4.61778	16.00000
-0.28467	-4.61778	16.00000
0.05522	-4.61778	16.00000
0.39511	-4.61778	16.00000
0.73500	-4.61778	16.00000
1.07489	-4.61778	16.00000
1.41478	-4.61778	16.00000
1.75467	-4.61778	16.00000
2.09456	-4.61778	16.00000
2.43445	-4.61778	16.00000
2.77434	-4.61778	16.00000
3.11423	-4.61778	16.00000
3.45412	-4.61778	16.00000
3.79401	-4.61778	16.00000
4.13390	-4.61778	16.00000
4.47379	-4.61778	16.00000
4.81368	-4.61778	16.00000
5.15357	-4.61778	16.00000
5.49346	-4.61778	15.40000
5.83335	-4.61778	16.00000
6.17324	-4.61778	15.40000
6.51313	-4.61778	16.00000
-4.02347	-4.40426	16.00000
-3.68357	-4.40426	16.00000
-3.34368	-4.40426	16.00000
-3.00379	-4.40426	16.00000
-2.66390	-4.40426	16.00000
-2.32401	-4.40426	16.00000
-1.98412	-4.40426	16.00000
-1.64423	-4.40426	16.00000
-1.30434	-4.40426	16.00000
-0.96445	-4.40426	16.00000
-0.62456	-4.40426	16.00000
-0.28467	-4.40426	16.00000
0.05522	-4.40426	16.00000
0.39511	-4.40426	16.00000
0.73500	-4.40426	16.00000
1.07489	-4.40426	16.00000
1.41478	-4.40426	16.00000
1.75467	-4.40426	16.00000
2.09456	-4.40426	16.00000
2.43445	-4.40426	16.00000
2.77434	-4.40426	16.00000
3.11423	-4.40426	16.00000
3.45412	-4.40426	16.00000
3.79401	-4.40426	16.00000
4.13390	-4.40426	16.00000
4.47379	-4.40426	16.00000
4.81368	-4.40426	16.00000
5.15357	-4.40426	16.00000
5.49346	-4.40426	10.70000
5.83335	-4.40426	12.00000
6.17324	-4.40426	16.00000
6.51313	-4.40426	16.00000
-4.02347	-4.19074	16.00000
-3.68357	-4.19074	16.00000
-3.34368	-4.19074	16.00000
-3.00379	-4.19074	16.00000
-2.66390	-4.19074	16.00000
-2.32401	-4.19074	16.00000
-1.98412	-4.19074	16.00000
-1.64423	-4.19074	16.00000
-1.30434	-4.19074	16.00000
-0.96445	-4.19074	16.00000
-0.62456	-4.19074	16.00000
-0.28467	-4.19074	16.00000
0.05522	-4.19074	16.00000
0.39511	-4.19074	16.00000
0.73500	-4.19074	16.00000
1.07489	-4.19074	16.00000
1.41478	-4.19074	16.00000
1.75467	-4.19074	16.00000
2.09456	-4.19074	16.00000
2.43445	-4.19074	16.00000
2.77434	-4.19074	16.00000
3.11423	-4.19074	16.00000
3.45412	-4.19074	16.00000
3.79401	-4.19074	16.00000
4.13390	-4.19074	16.00000
4.47379	-4.19074	16.00000
4.81368	-4.19074	15.40000
5.15357	-4.19074	15.40000
5.49346	-4.19074	10.00000
5.83335	-4.19074	10.70000
6.17324	-4.19074	16.00000
6.51313	-4.19074	16.00000
-4.02347	-3.97722	16.00000
-3.68357	-3.97722	16.00000
-3.34368	-3.97722	16.00000
-3.00379	-3.97722	16.00000
-2.66390	-3.97722	16.00000
-2.32401	-3.97722	16.00000
-1.98412	-3.97722	16.00000
-1.64423	-3.97722	16.00000
-1.30434	-3.97722	16.00000
-0.96445	-3.97722	16.00000
-0.62456	-3.97722	16.00000
-0.28467	-3.97722	16.00000
0.05522	-3.97722	16.00000
0.39511	-3.97722	16.00000
0.73500	-3.97722	16.00000
1.07489	-3.97722	16.00000
1.41478	-3.97722	16.00000
1.75467	-3.97722	16.00000
2.09456	-3.97722	16.00000
2.43445	-3.97722	16.00000
2.77434	-3.97722	16.00000
3.11423	-3.97722	16.00000
3.45412	-3.97722	16.00000
3.79401	-3.97722	16.00000
4.13390	-3.97722	16.00000
4.47379	-3.97722	16.00000
4.81368	-3.97722	16.00000
5.15357	-3.97722	11.40000
5.49346	-3.97722	8.01000
5.83335	-3.97722	7.35000
6.17324	-3.97722	11.40000
6.51313	-3.97722	16.00000
-4.02347	-3.76369	16.00000
-3.68357	-3.76369	16.00000
-3.34368	-3.76369	16.00000
-3.00379	-3.76369	16.00000
-2.66390	-3.76369	16.00000
-2.32401	-3.76369	16.00000
-1.98412	-3.76369	16.00000
-1.64423	-3.76369	16.00000
-1.30434	-3.76369	16.00000
-0.96445	-3.76369	16.00000
-0.62456	-3.76369	16.00000
-0.28467	-3.76369	16.00000
0.05522	-3.76369	16.00000
0.39511	-3.76369	16.00000
0.73500	-3.76369	16.00000
1.07489	-3.76369	16.00000
1.41478	-3.76369	16.00000
1.75467	-3.76369	16.00000
2.09456	-3.76369	16.00000
2.43445	-3.76369	16.00000
2.77434	-3.76369	16.00000
3.11423	-3.76369	16.00000
3.45412	-3.76369	16.00000
3.79401	-3.76369	16.00000
4.13390	-3.76369	16.00000
4.47379	-3.76369	16.00000
4.81368	-3.76369	16.00000
5.15357	-3.76369	8.68000
5.49346	-3.76369	6.68000
5.83335	-3.76369	6.01000
6.17324	-3.76369	8.68000
6.51313	-3.76369	13.40000
-4.02347	-3.55017	16.00000
-3.68357	-3.55017	16.00000
-3.34368	-3.55017	16.00000
-3.00379	-3.55017	16.00000
-2.66390	-3.55017	16.00000
-2.32401	-3.55017	16.00000
-1.98412	-3.55017	16.00000
-1.64423	-3.55017	16.00000
-1.30434	-3.55017	16.00000
-0.96445	-3.55017	16.00000
-0.62456	-3.55017	16.00000
-0.28467	-3.55017	16.00000
0.05522	-3.55017	16.00000
0.39511	-3.55017	16.00000
0.73500	-3.55017	16.00000
1.07489	-3.55017	16.00000
1.41478	-3.55017	16.00000
1.75467	-3.55017	16.00000
2.09456	-3.55017	16.00000
2.43445	-3.55017	16.00000
2.77434	-3.55017	16.00000
3.11423	-3.55017	16.00000
3.45412	-3.55017	16.00000
3.79401	-3.55017	16.00000
4.13390	-3.55017	16.00000
4.47379	-3.55017	16.00000
4.81368	-3.55017	15.40000
5.15357	-3.55017	9.35000
5.49346	-3.55017	5.34000
5.83335	-3.55017	4.67000
6.17324	-3.55017	8.01000
6.51313	-3.55017	15.40000
-4.02347	-3.33665	16.00000
-3.68357	-3.33665	16.00000
-3.34368	-3.33665	16.00000
-3.00379	-3.33665	16.00000
-2.66390	-3.33665	16.00000
-2.32401	-3.33665	16.00000
-1.98412	-3.33665	16.00000
-1.64423	-3.33665	16.00000
-1.30434	-3.33665	16.00000
-0.96445	-3.33665	16.00000
-0.62456	-3.33665	16.00000
-0.28467	-3.33665	16.00000
0.05522	-3.33665	16.00000
0.39511	-3.33665	16.00000
0.73500	-3.33665	16.00000
1.07489	-3.33665	16.00000
1.41478	-3.33665	16.00000
1.75467	-3.33665	16.00000
2.09456	-3.33665	16.00000
2.43445	-3.33665	16.00000
2.77434	-3.33665	16.00000
3.11423	-3.33665	16.00000
3.45412	-3.33665	16.00000
3.79401	-3.33665	16.00000
4.13390	-3.33665	16.00000
4.47379	-3.33665	16.00000
4.81368	-3.33665	15.40000
5.15357	-3.33665	10.00000
5.49346	-3.33665	5.34000
5.83335	-3.33665	4.67000
6.17324	-3.33665	8.68000
6.51313	-3.33665	16.00000
-4.02347	-3.12313	16.00000
-3.68357	-3.12313	16.00000
-3.34368	-3.12313	16.00000
-3.00379	-3.12313	16.00000
-2.66390	-3.12313	16.00000
-2.32401	-3.12313	16.00000
-1.98412	-3.12313	16.00000
-1.64423	-3.12313	16.00000
-1.30434	-3.12313	16.00000
-0.96445	-3.12313	16.00000
-0.62456	-3.12313	16.00000
-0.28467	-3.12313	16.00000
0.05522	-3.12313	16.00000
0.39511	-3.12313	16.00000
0.73500	-3.12313	16.00000
1.07489	-3.12313	16.00000
1.41478	-3.12313	16.00000
1.75467	-3.12313	16.00000
2.09456	-3.12313	16.00000
2.43445	-3.12313	16.00000
2.77434	-3.12313	16.00000
3.11423	-3.12313	16.00000
3.45412	-3.12313	16.00000
3.79401	-3.12313	16.00000
4.13390	-3.12313	16.00000
4.47379	-3.12313	16.00000
4.81368	-3.12313	16.00000
5.15357	-3.12313	9.35000
5.49346	-3.12313	8.68000
5.83335	-3.12313	6.01000
6.17324	-3.12313	11.40000
6.51313	-3.12313	16.00000
-4.02347	-2.90960	16.00000
-3.68357	-2.90960	16.00000
-3.34368	-2.90960	16.00000
-3.00379	-2.90960	16.00000
-2.66390	-2.90960	16.00000
-2.32401	-2.90960	16.00000
-1.98412	-2.90960	16.00000
-1.64423	-2.90960	16.00000
-1.30434	-2.90960	16.00000
-0.96445	-2.90960	16.00000
-0.62456	-2.90960	16.00000
-0.28467	-2.90960	16.00000
0.05522	-2.90960	16.00000
0.39511	-2.90960	16.00000
0.73500	-2.90960	16.00000
1.07489	-2.90960	16.00000
1.41478	-2.90960	16.00000
1.75467	-2.90960	16.00000
2.09456	-2.90960	16.00000
2.43445	-2.90960	16.00000
2.77434	-2.90960	16.00000
3.11423	-2.90960	16.00000
3.45412	-2.90960	16.00000
3.79401	-2.90960	16.00000
4.13390	-2.90960	16.00000
4.47379	-2.90960	13.40000
4.81368	-2.90960	13.40000
5.15357	-2.90960	10.00000
5.49346	-2.90960	8.68000
5.83335	-2.90960	7.35000
6.17324	-2.90960	12.00000
6.51313	-2.90960	16.00000
-4.02347	-2.69608	16.00000
-3.68357	-2.69608	16.00000
-3.34368	-2.69608	16.00000
-3.00379	-2.69608	16.00000
-2.66390	-2.69608	16.00000
-2.32401	-2.69608	16.00000
-1.98412	-2.69608	16.00000
-1.64423	-2.69608	16.00000
-1.30434	-2.69608	16.00000
-0.96445	-2.69608	16.00000
-0.62456	-2.69608	16.00000
-0.28467	-2.69608	16.00000
0.05522	-2.69608	16.00000
0.39511	-2.69608	16.00000
0.73500	-2.69608	16.00000
1.07489	-2.69608	16.00000
1.41478	-2.69608	16.00000
1.75467	-2.69608	16.00000
2.09456	-2.69608	16.00000
2.43445	-2.69608	16.00000
2.77434	-2.69608	16.00000
3.11423	-2.69608	16.00000
3.45412	-2.69608	16.00000
3.79401	-2.69608	16.00000
4.13390	-2.69608	15.40000
4.47379	-2.69608	13.40000
4.81368	-2.69608	16.00000
5.15357	-2.69608	16.00000
5.49346	-2.69608	12.00000
5.83335	-2.69608	12.00000
6.17324	-2.69608	15.40000
6.51313	-2.69608	16.00000
-4.02347	-2.48256	16.00000
-3.68357	-2.48256	16.00000
-3.34368	-2.48256	16.00000
-3.00379	-2.48256	16.00000
-2.66390	-2.48256	16.00000
-2.32401	-2.48256	16.00000
-1.98412	-2.48256	16.00000
-1.64423	-2.48256	16.00000
-1.30434	-2.48256	16.00000
-0.96445	-2.48256	16.00000
-0.62456	-2.48256	16.00000
-0.28467	-2.48256	16.00000
0.05522	-2.48256	16.00000
0.39511	-2.48256	16.00000
0.73500	-2.48256	16.00000
1.07489	-2.48256	16.00000
1.41478	-2.48256	16.00000
1.75467	-2.48256	16.00000
2.09456	-2.48256	16.00000
2.43445	-2.48256	16.00000
2.77434	-2.48256	16.00000
3.11423	-2.48256	16.00000
3.45412	-2.48256	15.40000
3.79401	-2.48256	13.40000
4.13390	-2.48256	15.40000
4.47379	-2.48256	12.00000
4.81368	-2.48256	12.00000
5.15357	-2.48256	15.40000
5.49346	-2.48256	12.00000
5.83335	-2.48256	16.00000
6.17324	-2.48256	16.00000
6.51313	-2.48256	16.00000
-4.02347	-2.26904	16.00000
-3.68357	-2.26904	16.00000
-3.34368	-2.26904	16.00000
-3.00379	-2.26904	16.00000
-2.66390	-2.26904	16.00000
-2.32401	-2.26904	16.00000
-1.98412	-2.26904	16.00000
-1.64423	-2.26904	16.00000
-1.30434	-2.26904	16.00000
-0.96445	-2.26904	16.00000
-0.62456	-2.26904	16.00000
-0.28467	-2.26904	16.00000
0.05522	-2.26904	16.00000
0.39511	-2.26904	16.00000
0.73500	-2.26904	16.00000
1.07489	-2.26904	16.00000
1.41478	-2.26904	16.00000
1.75467	-2.26904	16.00000
2.09456	-2.26904	16.00000
2.43445	-2.26904	16.00000
2.77434	-2.26904	16.00000
3.11423	-2.26904	16.00000
3.45412	-2.26904	13.40000
3.79401	-2.26904	16.00000
4.13390	-2.26904	16.00000
4.47379	-2.26904	13.40000
4.81368	-2.26904	16.00000
5.15357	-2.26904	16.00000
5.49346	-2.26904	16.00000
5.83335	-2.26904	16.00000
6.17324	-2.26904	16.00000
6.51313	-2.26904	16.00000
-4.02347	-2.05551	16.00000
-3.68357	-2.05551	16.00000
-3.34368	-2.05551	16.00000
-3.00379	-2.05551	16.00000
-2.66390	-2.05551	16.00000
-2.32401	-2.05551	16.00000
-1.98412	-2.05551	16.00000
-1.64423	-2.05551	16.00000
-1.30434	-2.05551	16.00000
-0.96445	-2.05551	16.00000
-0.62456	-2.05551	16.00000
-0.28467	-2.05551	16.00000
0.05522	-2.05551	16.00000
0.39511	-2.05551	16.00000
0.73500	-2.05551	16.00000
1.07489	-2.05551	16.00000
1.41478	-2.05551	16.00000
1.75467	-2.05551	16.00000
2.09456	-2.05551	16.00000
2.43445	-2.05551	16.00000
2.77434	-2.05551	16.00000
3.11423	-2.05551	13.40000
3.45412	-2.05551	13.40000
3.79401	-2.05551	13.40000
4.13390	-2.05551	15.40000
4.47379	-2.05551	16.00000
4.81368	-2.05551	15.40000
5.15357	-2.05551	15.40000
5.49346	-2.05551	15.40000
5.83335	-2.05551	16.00000
6.17324	-2.05551	16.00000
6.51313	-2.05551	16.00000
-4.02347	-1.84199	16.00000
-3.68357	-1.84199	16.00000
-3.34368	-1.84199	16.00000
-3.00379	-1.84199	16.00000
-2.66390	-1.84199	16.00000
-2.32401	-1.84199	16.00000
-1.98412	-1.84199	16.00000
-1.64423	-1.84199	16.00000
-1.30434	-1.84199	16.00000
-0.96445	-1.84199	16.00000
-0.62456	-1.84199	16.00000
-0.28467	-1.84199	16.00000
0.05522	-1.84199	16.00000
0.39511	-1.84199	16.00000
0.73500	-1.84199	16.00000
1.07489	-1.84199	16.00000
1.41478	-1.84199	16.00000
1.75467	-1.84199	16.00000
2.09456	-1.84199	16.00000
2.43445	-1.84199	16.00000
2.77434	-1.84199	16.00000
3.11423	-1.84199	10.70000
3.45412	-1.84199	11.40000
3.79401	-1.84199	13.40000
4.13390	-1.84199	16.00000
4.47379	-1.84199	15.40000
4.81368	-1.84199	16.00000
5.15357	-1.84199	16.00000
5.49346	-1.84199	16.00000
5.83335	-1.84199	16.00000
6.17324	-1.84199	16.00000
6.51313	-1.84199	16.00000
-4.02347	-1.62847	16.00000
-3.68357	-1.62847	16.00000
-3.34368	-1.62847	16.00000
-3.00379	-1.62847	16.00000
-2.66390	-1.62847	16.00000
-2.32401	-1.62847	16.00000
-1.98412	-1.62847	16.00000
-1.64423	-1.62847	16.00000
-1.30434	-1.62847	16.00000
-0.96445	-1.62847	16.00000
-0.62456	-1.62847	16.00000
-0.28467	-1.62847	16.00000
0.05522	-1.62847	16.00000
0.39511	-1.62847	16.00000
0.73500	-1.62847	16.00000
1.07489	-1.62847	16.00000
1.41478	-1.62847	16.00000
1.75467	-1.62847	16.00000
2.09456	-1.62847	16.00000
2.43445	-1.62847	15.40000
2.77434	-1.62847	16.00000
3.11423	-1.62847	13.40000
3.45412	-1.62847	13.40000
3.79401	-1.62847	13.40000
4.13390	-1.62847	16.00000
4.47379	-1.62847	16.00000
4.81368	-1.62847	16.00000
5.15357	-1.62847	16.00000
5.49346	-1.62847	16.00000
5.83335	-1.62847	16.00000
6.17324	-1.62847	16.00000
6.51313	-1.62847	16.00000
-4.02347	-1.41495	16.00000
-3.68357	-1.41495	16.00000
-3.34368	-1.41495	16.00000
-3.00379	-1.41495	16.00000
-2.66390	-1.41495	16.00000
-2.32401	-1.41495	16.00000
-1.98412	-1.41495	16.00000
-1.64423	-1.41495	16.00000
-1.30434	-1.41495	16.00000
-0.96445	-1.41495	16.00000
-0.62456	-1.41495	16.00000
-0.28467	-1.41495	16.00000
0.05522	-1.41495	16.00000
0.39511	-1.41495	16.00000
0.73500	-1.41495	16.00000
1.07489	-1.41495	16.00000
1.41478	-1.41495	16.00000
1.75467	-1.41495	16.00000
2.09456	-1.41495	16.00000
2.43445	-1.41495	15.40000
2.77434	-1.41495	16.00000
3.11423	-1.41495	16.00000
3.45412	-1.41495	11.40000
3.79401	-1.41495	15.40000
4.13390	-1.41495	16.00000
4.47379	-1.41495	16.00000
4.81368	-1.41495	16.00000
5.15357	-1.41495	16.00000
5.49346	-1.41495	16.00000
5.83335	-1.41495	16.00000
6.17324	-1.41495	16.00000
6.51313	-1.41495	16.00000
-4.02347	-1.20142	16.00000
-3.68357	-1.20142	9.35000
-3.34368	-1.20142	10.00000
-3.00379	-1.20142	10.70000
-2.66390	-1.20142	16.00000
-2.32401	-1.20142	16.00000
-1.98412	-1.20142	16.00000
-1.64423	-1.20142	16.00000
-1.30434	-1.20142	16.00000
-0.96445	-1.20142	16.00000
-0.62456	-1.20142	16.00000
-0.28467	-1.20142	16.00000
0.05522	-1.20142	16.00000
0.39511	-1.20142	16.00000
0.73500	-1.20142	16.00000
1.07489	-1.20142	16.00000
1.41478	-1.20142	16.00000
1.75467	-1.20142	16.00000
2.09456	-1.20142	16.00000
2.43445	-1.20142	15.40000
2.77434	-1.20142	15.40000
3.11423	-1.20142	11.40000
3.45412	-1.20142	12.00000
3.79401	-1.20142	11.40000
4.13390	-1.20142	15.40000
4.47379	-1.20142	16.00000
4.81368	-1.20142	16.00000
5.15357	-1.20142	16.00000
5.49346	-1.20142	16.00000
5.83335	-1.20142	16.00000
6.17324	-1.20142	16.00000
6.51313	-1.20142	16.00000
-4.02347	-0.98790	12.00000
-3.68357	-0.98790	4.67000
-3.34368	-0.98790	4.67000
-3.00379	-0.98790	6.68000
-2.66390	-0.98790	7.35000
-2.32401	-0.98790	10.70000
-1.98412	-0.98790	12.00000
-1.64423	-0.98790	16.00000
-1.30434	-0.98790	16.00000
-0.96445	-0.98790	16.00000
-0.62456	-0.98790	16.00000
-0.28467	-0.98790	16.00000
0.05522	-0.98790	16.00000
0.39511	-0.98790	16.00000
0.73500	-0.98790	15.40000
1.07489	-0.98790	13.40000
1.41478	-0.98790	15.40000
1.75467	-0.98790	13.40000
2.09456	-0.98790	15.40000
2.43445	-0.98790	16.00000
2.77434	-0.98790	15.40000
3.11423	-0.98790	12.00000
3.45412	-0.98790	10.70000
3.79401	-0.98790	12.00000
4.13390	-0.98790	15.40000
4.47379	-0.98790	16.00000
4.81368	-0.98790	16.00000
5.15357	-0.98790	16.00000
5.49346	-0.98790	16.00000
5.83335	-0.98790	16.00000
6.17324	-0.98790	16.00000
6.51313	-0.98790	16.00000
-4.02347	-0.77438	12.00000
-3.68357	-0.77438	4.01000
-3.34368	-0.77438	2.67000
-3.00379	-0.77438	3.34000
-2.66390	-0.77438	5.34000
-2.32401	-0.77438	8.01000
-1.98412	-0.77438	15.40000
-1.64423	-0.77438	16.00000
-1.30434	-0.77438	16.00000
-0.96445	-0.77438	16.00000
-0.62456	-0.77438	16.00000
-0.28467	-0.77438	15.40000
0.05522	-0.77438	16.00000
0.39511	-0.77438	16.00000
0.73500	-0.77438	15.40000
1.07489	-0.77438	12.00000
1.41478	-0.77438	15.40000
1.75467	-0.77438	11.40000
2.09456	-0.77438	13.40000
2.43445	-0.77438	13.40000
2.77434	-0.77438	13.40000
3.11423	-0.77438	11.40000
3.45412	-0.77438	13.40000
3.79401	-0.77438	13.40000
4.13390	-0.77438	13.40000
4.47379	-0.77438	13.40000
4.81368	-0.77438	16.00000
5.15357	-0.77438	16.00000
5.49346	-0.77438	16.00000
5.83335	-0.77438	16.00000
6.17324	-0.77438	16.00000
6.51313	-0.77438	16.00000
-4.02347	-0.56085	11.40000
-3.68357	-0.56085	2.00000
-3.34368	-0.56085	0.00000
-3.00379	-0.56085	1.34000
-2.66390	-0.56085	2.67000
-2.32401	-0.56085	4.67000
-1.98412	-0.56085	10.00000
-1.64423	-0.56085	16.00000
-1.30434	-0.56085	16.00000
-0.96445	-0.56085	16.00000
-0.62456	-0.56085	16.00000
-0.28467	-0.56085	15.40000
0.05522	-0.56085	16.00000
0.39511	-0.56085	16.00000
0.73500	-0.56085	16.00000
1.07489	-0.56085	15.40000
1.41478	-0.56085	11.40000
1.75467	-0.56085	11.40000
2.09456	-0.56085	11.40000
2.43445	-0.56085	12.00000
2.77434	-0.56085	12.00000
3.11423	-0.56085	13.40000
3.45412	-0.56085	11.40000
3.79401	-0.56085	10.00000
4.13390	-0.56085	10.00000
4.47379	-0.56085	12.00000
4.81368	-0.56085	15.40000
5.15357	-0.56085	16.00000
5.49346	-0.56085	16.00000
5.83335	-0.56085	16.00000
6.17324	-0.56085	16.00000
6.51313	-0.56085	16.00000
-4.02347	-0.34733	13.40000
-3.68357	-0.34733	3.34000
-3.34368	-0.34733	0.00000
-3.00379	-0.34733	0.00000
-2.66390	-0.34733	0.66800
-2.32401	-0.34733	2.67000
-1.98412	-0.34733	6.01000
-1.64423	-0.34733	16.00000
-1.30434	-0.34733	16.00000
-0.96445	-0.34733	16.00000
-0.62456	-0.34733	16.00000
-0.28467	-0.34733	15.40000
0.05522	-0.34733	16.00000
0.39511	-0.34733	15.40000
0.73500	-0.34733	16.00000
1.07489	-0.34733	13.40000
1.41478	-0.34733	16.00000
1.75467	-0.34733	16.00000
2.09456	-0.34733	16.00000
2.43445	-0.34733	13.40000
2.77434	-0.34733	15.40000
3.11423	-0.34733	10.00000
3.45412	-0.34733	9.35000
3.79401	-0.34733	7.35000
4.13390	-0.34733	7.35000
4.47379	-0.34733	9.35000
4.81368	-0.34733	12.00000
5.15357	-0.34733	16.00000
5.49346	-0.34733	16.00000
5.83335	-0.34733	16.00000
6.17324	-0.34733	16.00000
6.51313	-0.34733	16.00000
-4.02347	-0.13381	16.00000
-3.68357	-0.13381	6.68000
-3.34368	-0.13381	2.00000
-3.00379	-0.13381	0.00000
-2.66390	-0.13381	0.66800
-2.32401	-0.13381	2.67000
-1.98412	-0.13381	6.01000
-1.64423	-0.13381	12.00000
-1.30434	-0.13381	16.00000
-0.96445	-0.13381	11.40000
-0.62456	-0.13381	13.40000
-0.28467	-0.13381	15.40000
0.05522	-0.13381	13.40000
0.39511	-0.13381	15.40000
0.73500	-0.13381	16.00000
1.07489	-0.13381	15.40000
1.41478	-0.13381	16.00000
1.75467	-0.13381	15.40000
2.09456	-0.13381	13.40000
2.43445	-0.13381	13.40000
2.77434	-0.13381	12.00000
3.11423	-0.13381	8.01000
3.45412	-0.13381	7.35000
3.79401	-0.13381	4.67000
4.13390	-0.13381	6.68000
4.47379	-0.13381	9.35000
4.81368	-0.13381	15.40000
5.15357	-0.13381	16.00000
5.49346	-0.13381	16.00000
5.83335	-0.13381	16.00000
6.17324	-0.13381	16.00000
6.51313	-0.13381	16.00000
-4.02347	0.07971	16.00000
-3.68357	0.07971	11.40000
-3.34368	0.07971	5.34000
-3.00379	0.07971	1.34000
-2.66390	0.07971	1.34000
-2.32401	0.07971	4.01000
-1.98412	0.07971	7.35000
-1.64423	0.07971	13.40000
-1.30434	0.07971	12.00000
-0.96445	0.07971	10.00000
-0.62456	0.07971	10.70000
-0.28467	0.07971	10.00000
0.05522	0.07971	11.40000
0.39511	0.07971	15.40000
0.73500	0.07971	15.40000
1.07489	0.07971	16.00000
1.41478	0.07971	16.00000
1.75467	0.07971	13.40000
2.09456	0.07971	13.40000
2.43445	0.07971	11.40000
2.77434	0.07971	8.68000
3.11423	0.07971	7.35000
3.45412	0.07971	5.34000
3.79401	0.07971	4.01000
4.13390	0.07971	4.67000
4.47379	0.07971	8.01000
4.81368	0.07971	15.40000
5.15357	0.07971	16.00000
5.49346	0.07971	16.00000
5.83335	0.07971	16.00000
6.17324	0.07971	16.00000
6.51313	0.07971	16.00000
-4.02347	0.29324	16.00000
-3.68357	0.29324	12.00000
-3.34368	0.29324	8.01000
-3.00379	0.29324	2.67000
-2.66390	0.29324	2.00000
-2.32401	0.29324	4.67000
-1.98412	0.29324	11.40000
-1.64423	0.29324	13.40000
-1.30434	0.29324	12.00000
-0.96445	0.29324	11.40000
-0.62456	0.29324	10.70000
-0.28467	0.29324	10.70000
0.05522	0.29324	11.40000
0.39511	0.29324	16.00000
0.73500	0.29324	16.00000
1.07489	0.29324	16.00000
1.41478	0.29324	16.00000
1.75467	0.29324	16.00000
2.09456	0.29324	15.40000
2.43445	0.29324	10.00000
2.77434	0.29324	8.01000
3.11423	0.29324	5.34000
3.45412	0.29324	4.01000
3.79401	0.29324	4.01000
4.13390	0.29324	6.01000
4.47379	0.29324	13.40000
4.81368	0.29324	16.00000
5.15357	0.29324	16.00000
5.49346	0.29324	16.00000
5.83335	0.29324	16.00000
6.17324	0.29324	16.00000
6.51313	0.29324	16.00000
-4.02347	0.50676	16.00000
-3.68357	0.50676	16.00000
-3.34368	0.50676	12.00000
-3.00379	0.50676	6.01000
-2.66390	0.50676	4.01000
-2.32401	0.50676	6.68000
-1.98412	0.50676	12.00000
-1.64423	0.50676	12.00000
-1.30434	0.50676	13.40000
-0.96445	0.50676	16.00000
-0.62456	0.50676	13.40000
-0.28467	0.50676	16.00000
0.05522	0.50676	13.40000
0.39511	0.50676	13.40000
0.73500	0.50676	15.40000
1.07489	0.50676	13.40000
1.41478	0.50676	15.40000
1.75467	0.50676	15.40000
2.09456	0.50676	13.40000
2.43445	0.50676	9.35000
2.77434	0.50676	4.67000
3.11423	0.50676	2.67000
3.45412	0.50676	2.67000
3.79401	0.50676	4.67000
4.13390	0.50676	9.35000
4.47379	0.50676	15.40000
4.81368	0.50676	16.00000
5.15357	0.50676	16.00000
5.49346	0.50676	16.00000
5.83335	0.50676	16.00000
6.17324	0.50676	16.00000
6.51313	0.50676	16.00000
-4.02347	0.72028	16.00000
-3.68357	0.72028	16.00000
-3.34368	0.72028	15.40000
-3.00379	0.72028	8.01000
-2.66390	0.72028	6.01000
-2.32401	0.72028	7.35000
-1.98412	0.72028	16.00000
-1.64423	0.72028	15.40000
-1.30434	0.72028	15.40000
-0.96445	0.72028	16.00000
-0.62456	0.72028	16.00000
-0.28467	0.72028	15.40000
0.05522	0.72028	15.40000
0.39511	0.72028	13.40000
0.73500	0.72028	11.40000
1.07489	0.72028	12.00000
1.41478	0.72028	15.40000
1.75467	0.72028	15.40000
2.09456	0.72028	12.00000
2.43445	0.72028	6.68000
2.77434	0.72028	2.67000
3.11423	0.72028	1.34000
3.45412	0.72028	2.67000
3.79401	0.72028	5.34000
4.13390	0.72028	10.70000
4.47379	0.72028	15.40000
4.81368	0.72028	16.00000
5.15357	0.72028	16.00000
5.49346	0.72028	16.00000
5.83335	0.72028	16.00000
6.17324	0.72028	16.00000
6.51313	0.72028	16.00000
-4.02347	0.93380	16.00000
-3.68357	0.93380	16.00000
-3.34368	0.93380	15.40000
-3.00379	0.93380	15.40000
-2.66390	0.93380	10.00000
-2.32401	0.93380	15.40000
-1.98412	0.93380	16.00000
-1.64423	0.93380	16.00000
-1.30434	0.93380	16.00000
-0.96445	0.93380	15.40000
-0.62456	0.93380	13.40000
-0.28467	0.93380	10.70000
0.05522	0.93380	12.00000
0.39511	0.93380	13.40000
0.73500	0.93380	12.00000
1.07489	0.93380	10.70000
1.41478	0.93380	13.40000
1.75467	0.93380	15.40000
2.09456	0.93380	8.68000
2.43445	0.93380	4.67000
2.77434	0.93380	1.34000
3.11423	0.93380	1.34000
3.45412	0.93380	3.34000
3.79401	0.93380	7.35000
4.13390	0.93380	8.68000
4.47379	0.93380	16.00000
4.81368	0.93380	16.00000
5.15357	0.93380	16.00000
5.49346	0.93380	16.00000
5.83335	0.93380	16.00000
6.17324	0.93380	16.00000
6.51313	0.93380	16.00000
-4.02347	1.14733	16.00000
-3.68357	1.14733	16.00000
-3.34368	1.14733	16.00000
-3.00379	1.14733	16.00000
-2.66390	1.14733	12.00000
-2.32401	1.14733	15.40000
-1.98412	1.14733	16.00000
-1.64423	1.14733	16.00000
-1.30434	1.14733	16.00000
-0.96445	1.14733	16.00000
-0.62456	1.14733	15.40000
-0.28467	1.14733	16.00000
0.05522	1.14733	13.40000
0.39511	1.14733	10.00000
0.73500	1.14733	10.00000
1.07489	1.14733	11.40000
1.41478	1.14733	10.00000
1.75467	1.14733	11.40000
2.09456	1.14733	8.01000
2.43445	1.14733	4.67000
2.77434	1.14733	2.00000
3.11423	1.14733	2.00000
3.45412	1.14733	5.34000
3.79401	1.14733	9.35000
4.13390	1.14733	10.70000
4.47379	1.14733	15.40000
4.81368	1.14733	16.00000
5.15357	1.14733	16.00000
5.49346	1.14733	16.00000
5.83335	1.14733	16.00000
6.17324	1.14733	16.00000
6.51313	1.14733	16.00000
-4.02347	1.36085	16.00000
-3.68357	1.36085	16.00000
-3.34368	1.36085	16.00000
-3.00379	1.36085	16.00000
-2.66390	1.36085	16.00000
-2.32401	1.36085	16.00000
-1.98412	1.36085	16.00000
-1.64423	1.36085	16.00000
-1.30434	1.36085	16.00000
-0.96445	1.36085	16.00000
-0.62456	1.36085	16.00000
-0.28467	1.36085	16.00000
0.05522	1.36085	13.40000
0.39511	1.36085	12.00000
0.73500	1.36085	13.40000
1.07489	1.36085	10.70000
1.41478	1.36085	10.00000
1.75467	1.36085	10.00000
2.09456	1.36085	10.70000
2.43445	1.36085	7.35000
2.77434	1.36085	4.01000
3.11423	1.36085	4.01000
3.45412	1.36085	6.68000
3.79401	1.36085	10.00000
4.13390	1.36085	13.40000
4.47379	1.36085	16.00000
4.81368	1.36085	16.00000
5.15357	1.36085	16.00000
5.49346	1.36085	16.00000
5.83335	1.36085	16.00000
6.17324	1.36085	16.00000
6.51313	1.36085	16.00000
-4.02347	1.57437	16.00000
-3.68357	1.57437	16.00000
-3.34368	1.57437	16.00000
-3.00379	1.57437	16.00000
-2.66390	1.57437	16.00000
-2.32401	1.57437	16.00000
-1.98412	1.57437	16.00000
-1.64423	1.57437	16.00000
-1.30434	1.57437	16.00000
-0.96445	1.57437	16.00000
-0.62456	1.57437	16.00000
-0.28467	1.57437	16.00000
0.05522	1.57437	15.40000
0.39511	1.57437	15.40000
0.73500	1.57437	15.40000
1.07489	1.57437	13.40000
1.41478	1.57437	16.00000
1.75467	1.57437	11.40000
2.09456	1.57437	11.40000
2.43445	1.57437	11.40000
2.77434	1.57437	7.35000
3.11423	1.57437	8.68000
3.45412	1.57437	9.35000
3.79401	1.57437	15.40000
4.13390	1.57437	16.00000
4.47379	1.57437	16.00000
4.81368	1.57437	16.00000
5.15357	1.57437	16.00000
5.49346	1.57437	16.00000
5.83335	1.57437	16.00000
6.17324	1.57437	16.00000
6.51313	1.57437	16.00000
-4.02347	1.78789	16.00000
-3.68357	1.78789	16.00000
-3.34368	1.78789	16.00000
-3.00379	1.78789	16.00000
-2.66390	1.78789	16.00000
-2.32401	1.78789	16.00000
-1.98412	1.78789	16.00000
-1.64423	1.78789	16.00000
-1.30434	1.78789	16.00000
-0.96445	1.78789	16.00000
-0.62456	1.78789	16.00000
-0.28467	1.78789	16.00000
0.05522	1.78789	16.00000
0.39511	1.78789	16.00000
0.73500	1.78789	16.00000
1.07489	1.78789	16.00000
1.41478	1.78789	16.00000
1.75467	1.78789	16.00000
2.09456	1.78789	16.00000
2.43445	1.78789	12.00000
2.77434	1.78789	13.40000
3.11423	1.78789	15.40000
3.45412	1.78789	16.00000
3.79401	1.78789	16.00000
4.13390	1.78789	16.00000
4.47379	1.78789	16.00000
4.81368	1.78789	16.00000
5.15357	1.78789	16.00000
5.49346	1.78789	16.00000
5.83335	1.78789	16.00000
6.17324	1.78789	16.00000
6.51313	1.78789	16.00000
